3197.4601451396943,7154.832928544143,22136.477048864544,421.3398511032923
5790.442024898529,6338.3335831314325,19691.013337201333,426.98388640880586
4258.745573186874,8277.49550748244,22246.57705196103,475.8415022522211
4585.9610165596005,6900.702446977794,21379.864542026284,369.7640975564718
5368.780398368835,6905.352921962738,20790.164617917544,324.0023449935019
4504.419483852386,6934.654997953027,22198.914682381022,288.5161446943879
4109.350540542602,6151.938317508995,19035.63084315009,331.1887469448149
3974.178509521485,6640.111476330832,20798.65520545195,304.1452198769897
3450.233386230469,6932.597614574991,21584.16064080775,450.4369255557656
4163.657758998871,6889.935307446122,21714.98953014993,294.0889082029462
3258.376891422272,6772.671864588,20531.96249260264,387.1909296409693
5934.002103233337,12691.56888693571,24237.799706259168,258.079802731541
4924.795161676407,7083.448332470655,21455.046092603232,331.3301945969462
5517.841737127304,10909.864913403988,21122.98821627868,281.3433306796244
4456.694030761719,6358.003874656558,19884.51232114634,313.7232669234276
4091.347028541565,7491.424016870558,22228.419331563196,287.11654244298114
4817.288233280182,11771.445884414765,23374.54543296832,348.91112637370827
3276.664196491241,6851.549906482734,20958.64388631529,421.4624483529944
3426.3966693878174,6792.02854498825,19859.948279332304,477.82258144747465
4831.750800991058,13836.200918019284,25732.32463641061,338.54670000614715
3536.4401644706727,6611.853311093151,19325.16429168449,517.4510884732008
4872.239879274368,8080.623419900238,22550.790435504347,330.6936234844849
4161.075708770752,6392.239065535367,20100.203299794182,357.7051613107324
3289.6148738861084,6813.675381461717,20714.186761534424,410.20087573252965
4731.584101581573,10098.416033412144,22865.207360819502,268.49312808795366
4733.0118671655655,14961.348722827806,25743.005056769533,306.4029678842286
5154.734477233887,6633.170581927896,19171.277997375844,353.22049022242425
4303.590103006363,6615.168743936159,19245.7773072538,361.66739028953015
5048.328080749512,7325.954981552064,21524.954086591897,286.75812630783764
4800.298488426209,12356.588120290358,23864.910394263803,482.3562847685069
4671.287885856628,6241.581877250224,18993.760478747437,315.69953897707165
4555.96636390686,7478.653991466761,20127.738196415907,359.2262478273362
3375.072387075424,7271.395101569802,22222.49493250105,380.2370063133538
5052.403935432434,12903.63199082762,23594.233127640848,218.45745332948863
6869.053945446014,7441.512738507241,20297.245773537332,425.07353457799184
3210.80623922348,7027.035934523493,22145.233201289622,438.814748478285
4492.586104726792,6664.174563542008,21398.263298917773,335.4124039590359
3340.371074485779,7309.200367078255,21722.029123502514,404.7394707705127
3305.498220729828,7127.164671503799,21436.16499072167,514.6042454102426
3292.285872554779,6621.870763100311,19919.957103935376,429.403548932611
4760.356255722046,6350.349026383459,20133.54646404278,315.6981047280133
5742.561004018784,15570.732225345077,26739.80356785161,282.5783677609637
4581.414776849747,7611.745617902279,20254.1350795057,303.23114148448224
3674.6071096420287,6350.325262628869,19400.160123993912,387.6433672249317
4336.929821014404,7205.23288595099,21595.42981333214,293.0609304148704
3194.434684753418,6795.786333085596,20477.733105117804,440.29823459619655
3915.2702283382414,7049.634778527729,21768.24629733917,297.14902277272193
4255.692990493774,6833.082744168863,21740.118536439288,293.3867948964238
3353.873425924778,7460.0141803919105,22654.95655989553,309.4894524391275
3399.9300243854523,6388.436764837429,19527.55551894513,320.37301243897525
4724.229665994644,7309.935168106109,21938.4486571028,336.7399615809321
3236.762558794021,7260.089813065506,22336.400454897102,397.5408247827232
3402.077838134765,6996.170085733012,19596.26344431244,427.3531760792597
4038.1244473934175,7310.088174453936,21570.15696475084,292.6346556244418
3230.456676006317,6842.756521144509,20848.26897022589,379.58163750488313
3338.7163451194765,6752.136814457411,19860.68836054524,448.2139589468061
4988.302571487427,10443.445726130903,22006.25643568577,251.59790606009773
4691.571495056152,7153.98118420057,20465.07850689396,451.0779165029526
6351.485350465775,7196.316998361051,22030.42342938516,474.8611073464155
3336.6077473640444,7330.590734413732,22307.31937319137,420.06781958026113
3497.416961050033,6672.953469402715,19931.460076860705,496.9144225329161
3446.9185062408446,7038.58295715591,21563.171441754403,382.2253185882233
4920.489334869385,6171.439218066633,19292.39237864322,340.61022736281154
4938.065426445008,9031.414008703829,22333.130991657312,271.4782752366271
4313.568385601044,7046.588480432145,19400.52766355522,317.4155845342204
4054.711940002441,7137.6660213910045,21648.407952479447,296.0051044197753
4973.037638092041,10175.704852893949,23561.893914842432,275.5311152419541
3327.904922294617,7458.507237332221,22268.505102129177,526.4318023194326
4210.095378684998,6905.167055393756,21058.699849524342,312.2858375161886
4270.447203445435,6937.50323884543,20377.70146305056,305.3435442123562
4618.076929044723,8981.236522768439,22944.744129132923,283.9283129525371
5959.585201454162,6369.917761752009,20112.92184713527,356.0828237168491
3512.05214176178,6630.702162911184,19246.16040665306,367.88843912603335
4345.574541807175,8568.304264394566,22746.00769372108,300.30836479119023
6473.596448898315,6773.535686759651,22012.6355601834,436.66392292976377
3391.836799621582,7155.804840258602,21666.933922567805,468.9080711592454
3319.0222970962523,6635.006065358966,20046.52662539016,499.20199789297766
3682.85574054718,6337.5043387020005,19486.488857054,325.55385036058726
3433.4966200828558,6799.38411049936,21191.21498739772,306.49735735524445
3302.929747581482,6747.312314648368,20013.963065837324,424.5541369585233
3201.064026260376,7044.764463922567,21521.959209236367,469.6120932517573
3473.664874267578,6996.184285466932,22140.705570455477,270.2102523376234
3321.10366961956,7044.10464163972,20439.05138013719,463.9796645629656
3699.605850315094,6340.186877600941,19681.222361651435,337.1579592242837
3360.350192642212,7340.138312439492,22398.065633994,322.9163743268233
4526.51614522934,7297.025559281185,22094.80917096833,295.66031417343765
4749.317519569397,10469.941250410677,23531.51307381494,345.31319661689923
5175.695575428009,6801.683195930719,21988.415797014703,301.370895177871
3452.645977401733,6960.244528479222,19759.177760946783,495.5213644249365
3332.3389469861986,7466.500471948448,22350.012192178307,328.394452920233
3372.883615779877,7104.642796018161,22182.382013090224,401.450111253839
7282.370244884491,11793.21456837803,23701.632857511857,336.1182775716996
3469.0153108119966,6597.680658496916,19202.770112714126,477.7177203770727
5004.997567272187,7469.029814839363,19459.566308555524,336.20274323057384
3276.370480728149,6858.619638811797,20842.27915712378,584.562692955602
4742.493259429932,6412.669018679112,20441.594688230885,305.4495851956308
3426.5497341156006,6959.564539429173,20476.266936612818,403.0399373199325
5301.18140592575,6133.939239308238,19053.612580982102,313.9556877054274
4786.823014736176,8300.275732887909,21318.93283036967,297.9868701391388
3362.2620895385744,6348.9582931260575,19171.934319826363,379.2531211815775
3411.455026435852,6609.508579051867,20094.64633677371,331.0394320840016
3179.9996710300447,6689.5192392349245,20178.5982488848,459.110136160627
3434.308034324646,7112.688488791138,22367.66079896014,385.9450984565541
3453.616252565384,6968.964856266231,21923.15156047588,525.0019579410553
3528.055024766922,6423.209223954007,19552.925297811897,344.1349757617339
4932.576389980316,11807.78477936387,22045.941569124952,248.29259292946665
3299.035862016678,6903.072996249282,20000.33100865054,433.8825042815028
3344.74554014206,7354.707260274305,22120.23519040533,351.98911812102307
3439.062257003784,6772.029588368348,20312.915876417865,326.27979078213684
5185.754901456833,6324.995304140449,19488.815164344436,358.23144120424985
3394.482988834381,6862.8979598413225,19577.713511424627,425.7065520927543
4703.234461212158,6385.01690434292,20121.95449458901,340.213204601407
5271.790811538696,14820.86198529005,25962.86742958077,198.8889645676827
3446.7147410392763,6782.232392735034,21217.12055120394,324.37722409758715
3399.238667392731,6764.635171759966,19597.74712961469,413.9271728568012
5042.356832933426,6776.995543929935,21373.28821217393,293.1469914544374
3700.471057152748,7104.620469594049,20460.57593803849,327.5438184437342
6063.409985351563,9759.454867184162,22973.84352071637,373.0927110310644
4241.751268005372,6788.679937517457,19496.131729000823,415.923338181898
4776.2615598678585,8581.472780995444,22857.432177346087,284.90809438452123
5101.350470924377,10980.419577507677,23727.28302297864,297.53411410395057
4693.010663986206,6438.58206432499,19929.82209083147,331.5998875565827
4739.553634309768,10574.600425889716,21130.94851823916,430.8924601247534
5211.43286190033,6259.850630936026,19541.825192757984,312.0947862628847
4730.263481712342,6503.134269688651,20147.5234696388,389.4660954535008
4849.084291791916,13034.78534110263,24581.60150119148,388.8322482346208
3322.4165212631224,7443.495318526821,22255.374390453984,390.3899585137318
4683.980106925965,7451.723183634318,21273.65126456345,308.40052422992886
4925.824374008179,7339.505797639489,22100.19634693962,448.21488356292247
3398.422373485565,6855.3217353638265,20781.714837589443,402.3069014864741
3440.9017689704897,6904.409954806324,20958.72349181518,499.0602298412472
4027.2040910720825,6550.504149194434,20372.97148532377,407.8828845411539
4157.238080692291,8147.786013963446,22475.039048632407,311.3040648219176
5148.750645065307,8515.068109849095,21991.720276988413,359.12225221507254
3392.7248759269714,7213.861218575132,21124.773500809435,464.06352503364906
4458.757830047607,6167.279562733323,19353.414990655925,318.693339965865
4101.405827903747,6251.193285783753,19167.856242637023,321.41586953289806
3424.6537782669066,7125.862927537039,21879.211935036397,414.6343939203769
4859.607801818847,7923.847384391725,22370.823911979583,318.5621770016849
5031.312852001191,8926.517152313889,21557.451980211445,280.2402776855509
6273.8852541923525,9598.12677820623,23205.34375748173,365.6279944463633
4950.220885658264,7371.87565195933,20282.62831144108,291.3625111954287
4031.0899707317353,7097.595035439357,21310.28128629363,299.30906861163675
4701.078749799728,9349.712449882923,20937.767645417724,280.3469522826723
4463.796271896363,6459.612295658141,20309.695272047724,306.62300042808056
5414.814831447601,8423.108993861078,22366.48535234557,280.960998258926
3368.459920787812,7252.513621087046,21315.847349684715,477.1456258688122
4279.214316701889,6855.821294740215,21109.60059863379,296.76999451331795
4319.778404140472,6861.408189116046,21568.54867356324,310.9649854898453
3487.6383002758025,6565.716349749639,20257.950175499784,328.96824633125215
3840.509325313568,7624.177349198237,22176.63134431691,423.8023516869172
3336.398520469665,6575.416116711032,19857.59775703417,422.7974647239549
3478.0590450286863,7021.918521695118,22278.700062873093,384.0300294317305
4000.439939045906,6982.490462520905,19802.784953523016,318.61566092101856
3530.483300423622,6654.31832712763,19794.83463071119,443.7455020658672
3987.279525375366,6434.17535957098,20087.46396674473,404.1787912130356
4445.661387252808,7334.639573947899,21926.72719134503,289.5739797283896
3658.309425926208,6398.878863603668,19228.609466655413,324.70618871506304
3364.0599040031434,7280.557225713576,22482.577502205902,459.6466721985489
3289.266491317749,6694.528817992657,19494.61716545995,430.51456572559255
4664.981808757782,6578.460623113811,20802.71184814465,304.4367522671819
3313.7840142965315,7483.354539945768,22258.49693927947,367.017264033141
3295.6238292694093,6573.75236826539,19667.70638433023,415.8583119901712
4813.057628822327,12166.079876765702,23546.07538365279,412.9345505633217
7340.694509410858,6727.203034582734,20357.808595609808,496.54747739285233
3518.2565477371218,6671.310383731686,20731.934268824705,313.01762046068905
4917.7905746459965,8455.998600700497,21292.22359888744,335.24545489959416
3359.3344345092773,7072.360813543014,20414.111744702044,452.403056304832
3280.828863334656,6991.707090797974,22105.62852075976,565.6677917872555
5586.795674085617,6488.706724978983,20125.17159750085,361.9363729313016
3225.594827461243,6999.167618697882,21916.09422613504,510.3382264100481
6199.469962692261,6835.672310265899,22058.70848363969,416.9469592064619
4162.168924474716,6894.249205461517,21049.86953878368,299.9033844579011
4193.048628616333,6144.872007423639,19097.555253617054,330.863903900981
4729.85677857399,7118.36144855842,22356.705723167943,318.9979416795075
4757.984431552887,13692.821121628676,25217.808137489505,398.1574239376001
4979.099921417236,9976.318214759976,21104.12745405284,307.2970196698792
4811.012780380249,10453.343833165616,23031.30058093392,315.83764411141163
3455.011534166336,6978.17564203986,20207.562896961503,327.8585916317999
4998.005982875824,14766.61915831212,26807.66822871631,299.3397919639945
6373.939417076111,6521.792601852119,20676.89527233484,428.5868871033192
4294.5518549919125,7659.601167731173,21371.30148981543,292.49852707814426
4735.4849547863005,6678.77607039474,20417.545007468485,316.7724523819983
3464.221018242836,6906.013838958088,21850.26950832892,317.19810093194246
3427.71925945282,6814.284025344905,20984.563041785063,318.54471734538674
4084.7084644794463,6792.368867909909,21449.36093073055,459.42099252939227
3337.104447555542,7383.011356612854,22027.222768683143,475.6591949632508
6865.193094348908,9201.535047224908,21309.94606197494,428.2028317715973
3401.28905172348,7064.189035989251,21801.23552534304,444.40142330499367
4208.445583105087,6387.969433124364,20206.02076048536,492.5942558288574
3337.234768676758,6879.6522023824045,21101.513693701192,433.09546448711774
4961.751988983155,8477.278075933084,20583.71779424101,308.25662489887327
4119.989657402039,7166.368412511796,21515.56685330395,422.0256392605603
3437.1863587379457,7108.740058423206,20843.290447995245,429.4449621310923
4292.311066937446,8351.185637460836,22791.5091746444,285.0532381466357
3936.623564529419,6785.064339058101,20408.664611617416,363.15127113536
4834.5769487380985,11065.206779742612,21872.60539283596,278.0081827000482
4537.41605386734,7351.847985156625,19812.72399970792,311.0228105655871
3420.698165130615,7146.648140108166,21276.160998875424,399.6350493593607
3234.8228437423704,6904.491249552928,21108.546242177217,484.9302653681487
3434.8362769126893,6559.074773682281,19688.944457199344,433.2808173948899
4491.291955804825,7602.775748749822,20945.275674619024,294.5242216010578
4705.456750512123,12743.966377462586,22861.350048336397,438.2507874103321
3929.843187093735,6879.598823005706,22232.33872514843,290.2257884576917
3576.368617105484,6264.667572351917,19173.52658279735,333.34494583681226
3956.538374209404,7103.0075726164505,19810.295106411744,327.02308894675224
4828.9332841873165,9943.128861984613,23344.794752604976,388.05655561815945
4972.515743207931,11765.60272088796,23597.67486347157,233.8513032347197
3399.3869750022886,6742.458488209546,19526.49201130743,407.8263348334003
4054.030875778198,6933.551501083374,22296.14711526774,293.0993456609547
3401.5388783454896,6377.963234799541,19095.710566244787,335.74628055412325
3458.189521789551,7044.900486068055,20323.427787171284,395.9077934688888
3336.1100857496263,7329.642339137266,21102.777240224077,382.99010966070927
5097.951386070252,7061.832289236039,21410.94032023113,300.2312166299671
5304.121744155884,14154.552941867709,23704.82356295336,237.74705303041264
4899.594489097595,7542.073489851505,19551.3222277266,322.96407230058685
4687.339587497711,6090.522109796107,19078.052172362,321.4373562477529
3335.618200302124,6985.720006465353,21762.184266302687,426.3812570848037
3413.867886018753,7183.62777979353,21674.7092477788,332.2841047787573
4029.743853759765,6657.330689357221,21074.734122478465,379.20632234811785
3157.80621342659,6515.11359579023,19309.656052951515,528.1564897533506
3464.472087144852,7037.578324289387,21871.67506095552,401.7008883371949
4576.5123630523685,6519.531077937037,20280.88182900849,305.3329403426498
5772.753820848465,7800.455945126712,22233.6107165295,341.5927251506597
3205.5809674263,6829.448314303905,20394.08678426331,390.22681486019866
5768.783898067474,7102.2152771011,21536.296862883864,357.78614124394954
4917.461533737182,7730.761475585401,20429.24521794728,294.0545652960427
3415.422998523712,7157.412250415748,20490.77311650356,525.7207079287618
4029.552679347992,6861.981608006358,21452.42798075318,297.0974316712469
3278.608066558838,6593.404810542614,19652.46418601314,405.18701061389874
3316.8369850635527,6862.565311742527,20452.77916500348,437.188993567515
4096.999759244919,6880.959037123621,22219.707876401844,291.2462775953114
4580.779235172272,6765.867998293787,21753.35685230232,294.074734877795
4741.491958618164,15203.096231079477,26513.85558845246,255.9224431603885
4073.363713169098,7580.860424992815,20548.000743967077,309.8106086218264
3372.690523147583,6914.710675083101,20697.819976960523,440.7648023299407
3460.362670898437,6989.248947137594,22102.40434939505,295.92561554508285
4486.05404586792,7150.007915392145,20128.87335589041,296.5940511053894
3378.972789955139,7254.313005423523,22393.623515525487,501.7975937321782
3129.5892321109773,7243.767039716244,22239.83000878491,362.3667308881646
6791.92254447937,6989.835588585585,20642.10816053527,406.10253807641567
4457.316719722748,7056.140701853112,19249.939091578493,311.8479375971947
3520.8303451538086,6588.037699896469,20039.120774530093,348.88056579139084
5166.486030006408,6653.6781551033255,21228.49954900674,371.8806615844369
4080.809300708771,6550.470539419353,20819.98801227156,305.1940076224506
3445.1546350479125,6717.011236784607,20997.71663105554,323.74836195148526
5201.493708610535,13456.363907852769,23870.02432863248,213.6461604297627
3186.0615756988527,7079.778703760914,22014.058568104865,375.6136227289215
3285.7892030239104,6674.474005714804,20005.713486891444,403.41400337598753
4527.577252197266,6379.003269279003,20184.337696929324,316.8101141087711
4926.731908607483,9446.62131408453,21155.829223936867,268.79198312945664
5232.633433532715,11670.28159840107,22741.37536109861,258.53711786386555
3343.1373116493223,7395.544283775042,22579.747178596845,396.6659289032221
3494.5474050045013,6743.519880410796,21341.84567019818,433.6839219242335
4728.423673200608,12840.588942371216,23641.620639567984,370.1250977704884
5103.570062589645,9152.626430526376,21588.10497641653,364.1502082839608
4765.142535066605,14847.963625443075,26129.88541296724,287.25218700559054
5924.980230236053,13569.119016960263,25676.63958316099,257.3495733943535
4621.561335086823,6249.660665361584,19551.007060847827,347.8016468882561
4629.778236007691,6351.843803560734,19842.42120796913,387.846776612103
3445.051775646209,7077.595262284577,20110.069146511545,555.9313103564084
4077.583097028733,6957.982044443488,19819.581614758124,312.3307954302989
3229.0920156478883,6958.632140817121,21048.794264870237,493.4231253376231
4832.638187122345,11286.472682730851,24081.497375902614,246.78514727472796
5315.49037437439,7574.266184286773,19465.00439038667,370.7447977911681
4454.530293989182,6537.6404237680135,20570.72244669764,343.08920140862466
3307.7131187438963,6418.894307144359,19283.28319785888,430.901697232062
5226.8404036998745,11708.28684759289,24436.13545704929,238.7798462038394
3505.8055011749266,6582.758694311231,19859.125536510997,402.8713708646595
3459.2336185455324,7035.90317941606,22326.467033583867,362.2679326463491
3436.1952797889708,6889.329146229289,20780.13321682328,361.71736118877305
4114.695827436447,7463.887986444495,20652.363973337844,302.1759345867671
4288.170833301544,6337.9492975257335,19802.815884990217,310.167466705665
4667.071368360519,8530.233513204195,22196.31612424495,373.1427523806691
4794.974391794205,6778.144627009332,21413.158672047542,290.8076454076916
4517.118096542358,6893.762884639576,20434.724735409785,299.2682234112173
4840.963481330871,7290.7019164633,20334.016611325027,383.0367156866938
3282.2471494674683,6840.077702881768,21017.05460800346,424.1696093609789
5785.636392021179,6683.602541095019,21075.718390003072,395.12415962070224
3577.9260493278503,6538.412141673825,19883.327824666416,321.50714303329585
4552.868392181396,6373.7967540584505,20000.579922786368,401.5867311835289
3372.1581687927246,6845.177263215463,19628.981327682948,438.9589460381074
5731.921597671509,11987.646607613564,23093.690156748733,311.7766493035015
6310.613836479187,6307.846013255417,19008.20192258688,390.17034096606073
4978.155935287476,8671.268841850386,19926.996158198577,318.3921728533693
6865.083933448792,6120.7691208943725,19006.87246098615,372.7165704343468
3421.368766736984,7142.656310051726,21988.586801923386,382.3006122378632
4982.045071649552,7945.9809891581535,20521.965057691203,439.1881360113621
5607.319662189484,6394.955359198153,19277.200432657384,330.01015775240955
3289.9948649406438,6662.405607738159,20242.702498045543,457.975251742918
3352.788776445389,7313.573250669986,22449.059515956447,393.307255934598
4606.74483127594,7730.507362470404,20480.24210244518,294.0520949025871
3482.918220710754,6517.442123543098,19108.231786639542,369.0423876089975
3201.2570591926574,6698.145998685248,19999.344641810847,525.6857581254095
3567.051262032985,6998.609191811224,21425.76127075713,305.13754106704147
3244.269859933853,6930.035366928298,21091.72644347645,403.5958951953391
5622.242770957947,15375.871128974855,26232.222631463817,242.53911753867868
4507.470632982254,6914.775462921709,20896.85670171327,333.93297767601905
4974.603411483765,11220.364322543144,22395.32042010219,279.3211840459611
4099.557705640793,6751.479792005383,19581.005516313977,317.1974974086508
4723.3411655426025,7127.763622843102,21139.82739405283,311.4331790879369
3484.8382361888885,6684.047059856728,19804.526345204136,359.3930287609808
4751.517576980591,14304.076535556373,25881.456306328477,288.55792179448764
4558.908847236633,7281.170096018165,19492.46842889536,499.5069487221539
4722.856460857392,10171.62383765839,22076.42157193033,403.7075980446301
3574.4869627952576,6544.687624062039,20392.818368489483,371.5291617490351
4524.67080373764,7471.259235627391,21154.3347699203,333.3124892270192
5255.417753076554,8417.748198366166,21196.77132518603,380.08132760860025
5667.551485729217,7268.521121330559,19347.983478306604,340.6960627757013
4748.191337299347,12563.607607388123,22937.356818246222,407.2408384205716
3334.321553850174,7027.522577425838,21756.87895943564,401.4582120251609
3373.462498188019,6510.272241717391,19469.67501399377,470.453428802453
5076.573486280441,7101.27533692494,19731.264066329622,348.93237237744034
3463.906746482849,7034.837977684755,20894.62729745388,367.169148743432
4071.441959381104,6729.927312408388,21531.475525150312,300.8718172371388
6363.899498987198,6413.288923321665,20226.182995244704,457.33932656645777
4120.485586690903,6363.944931138307,19069.619862789965,381.9214563056827
3546.430641698837,6618.129917298956,19991.11859167674,432.2585385747254
4758.17176952362,9931.407579701394,21268.833252363467,275.5505929382052
5166.805311584472,10587.920087492466,21191.798538612114,265.42046838626266
4807.872990608215,7220.403280855343,22259.49421151668,362.2209229521453
6026.4030634403225,7768.476618154347,20832.560347077997,381.1508276088163
4236.360443973541,7304.724407266267,21416.271893132,294.0297771151178
3325.7018872737885,7006.742592749605,20109.784562263776,438.9302895253757
4995.32084531784,6687.518554598093,21605.50814763566,316.09326135888693
5225.492215013504,10482.444438891112,22391.35118279105,258.0017465126701
3611.72301735878,6354.004243153706,19233.086851573906,336.5191700156778
3488.6496252059937,6319.865608940646,19293.74089060398,421.7475786048919
3317.591407632828,7344.887772892369,22343.66988073281,412.3553863947221
4513.046135187149,6309.554252579808,19849.46848546765,314.7809831179678
4842.064019966126,7182.644857021049,22167.36911423728,435.98088646829126
4156.777798938751,6987.032215745747,20948.633850726947,298.68902203217147
3656.590928268432,6392.569426196348,19046.24299120652,338.7137480288744
5183.612642097473,9583.611127915978,20839.2271144607,268.47821213598365
3247.7440418720244,6707.987351424619,19929.421689516188,428.8334797716234
5939.6974125862125,8463.782373976708,20628.65987871461,389.1462784931064
3140.2914781570435,7206.816297293827,22246.123589419043,379.0015463326592
3333.392918872833,6925.647059493652,19987.69316409041,432.2893727928225
4845.555833911896,9101.448900317027,21999.48011818184,333.091199025698
6028.793029403687,6393.151283204556,20231.359476175898,456.6201235830784
4042.851855945587,6805.397899175063,20871.894754020817,302.05761043541133
3441.7894119262696,6787.34485890735,20197.0708819774,461.2491200920194
5943.264787769318,6999.425748875738,22187.108243931427,416.73826090991497
5040.703299045563,6643.898789179325,21345.727950786804,295.84418969899417
5657.265291213989,10167.912440007924,21503.263899296908,360.7446278306656
3407.664209222793,6658.658595608455,20348.407321808045,497.8229088842869
3926.926316595077,7255.912715353072,22076.05052531124,336.3834046065807
4530.810854911804,7016.29899247922,21035.13716911059,292.77376503217965
4751.536850976944,14693.834743296262,25711.365942876386,273.6353215385781
6305.7826278686525,6711.935040326416,21748.155563439457,375.1160896502435
5380.43542175293,7357.627244472504,19378.1620436653,329.3854276096448
4691.459178352356,9890.105677290634,21755.60148701189,277.60725940635893
3350.375316143036,7326.449956125032,22034.454295802323,364.44418541700577
3942.241765832901,7197.485373704136,21182.2102068728,339.6011329174042
3236.6738399028777,6602.838381577097,19918.014084222334,411.9849920629524
4511.704301738739,7281.89375639297,19744.330777517636,345.7491190781817
3325.903375053406,6930.508419000264,20354.68035509558,567.5774939991301
4793.365739154816,11506.67276988849,22615.013040362457,281.3186171915615
3336.6734768390656,7333.834362752037,22482.156234193448,477.5092369519232
4876.965235900879,11749.876462732256,24511.28215057814,321.23282977454363
4245.439208984375,7452.587167795561,21422.38739048781,292.8010230593383
4798.075537109375,8796.665829133988,22753.70838693907,272.30317686798514
4774.473488330841,14190.633267174477,26142.253527133355,306.7396710993955
4014.412215423584,6714.652650631591,21030.147256901448,300.90162272565067
4565.713070678711,6356.374545343965,20055.10339179565,388.03127598613503
5736.212277841568,6607.7253117382525,21172.12818744661,346.89026637971403
3393.275773906708,6571.675634504296,19716.53569612248,316.73304333584383
4234.975701808929,6676.768689786642,21516.250958657787,298.5298176467419
3635.486152935028,6414.914312226884,19144.3097492534,367.6208739005029
4469.097000694275,6347.003900300711,20070.27213804956,378.5385799616576
3261.662540054321,6563.851617594436,19485.586981458466,451.05851096678526
3313.2910570144654,6677.383961675689,20064.522531146657,456.3463611198589
3536.538829040527,6590.54380925484,19102.92875171733,333.73661055238915
6415.653299331665,9049.99005483538,20810.782323893705,361.6950008806773
3690.9168496131897,6335.400142664463,19711.43877688781,321.2180316194892
4489.489698982239,7212.985729469359,20599.83633871773,308.6012451291084
3166.5688717842104,7149.436900220625,22117.74676331594,384.8164232576616
6645.523477554321,6030.7126257583495,18634.02573846988,407.79202865213153
4885.391565418244,8002.532720801234,20922.146007316183,392.0796313364059
4240.418455696106,6831.002342013084,19838.32386893978,309.19102735454214
7484.035963249206,12445.140388256312,22022.061298396635,318.17696219459174
3875.944902229309,7654.503750009276,22184.735422523307,376.91382183041424
3466.395583331585,7009.754302563332,21026.11861467242,364.00182199040427
3430.8081821918486,7141.130442310032,21116.02477830463,322.74030641876163
7416.374222993851,6667.793690419197,19503.75431441436,518.8341685738415
3378.9391548156736,7246.133013389748,22320.572302627967,501.1756160663441
3473.2512239456178,6723.663033801504,20080.838295886388,332.61006523808464
4487.020504665375,7000.325012112781,22122.373180477935,288.65338981822134
3625.857784366608,6437.768768002093,19601.60016746966,475.3938410967588
4681.084722137452,7089.581126655638,20937.27494744658,311.33865893986075
3945.186962985993,6147.0061504974965,18916.069078458557,452.9022090256214
3436.1783515930174,6683.922403278388,19777.07213087457,333.28835748145355
4490.095784759522,6839.156735683978,20488.505470332813,407.14549911022186
5213.364205551147,7387.670126672089,22473.135569903458,303.18763261884453
3362.960232639313,7269.946012694808,21510.658583023545,561.6671860378235
3676.9128494262695,6333.210809032991,19416.69183443864,328.2924381930381
3338.312501478196,7351.031784801581,22114.893085251453,449.4387787256856
3477.291859674454,6739.362357270159,19936.546877418823,474.0680353313684
5352.892714262009,9171.13378213346,20819.14511462773,280.1744288954418
4827.988453197479,12098.176149311848,23677.72529320872,399.22487424261055
5060.600933122635,7733.083470033855,21764.198746199327,344.95214477553964
4876.637964725494,11649.0242462039,22955.552466157133,243.82420890140347
6119.283996343613,9195.044826483729,21482.13482546414,443.24807470738887
4934.095223283768,13681.430181795546,24124.39201372112,320.5598189805634
4805.692460107804,12228.135997465532,23314.197695897827,368.2139421003696
4368.9298183918,7451.679248159006,20391.004902401102,355.45156807499006
3342.8701685905457,6666.139300893527,20425.25010011545,468.9294483814389
5689.7191822052,8094.61314869374,21921.97999458431,359.4388162124902
4814.246860408783,9514.457623380422,20695.991585387485,276.6267453065724
5757.136279582977,6858.412311455608,22033.41924160362,323.2880807466805
3413.504998970032,6423.255566169694,19578.68154168916,356.8734170065261
3483.978730964661,6712.37329148585,20478.66986689522,322.0723510272801
3987.7275871276856,7223.536426650919,22312.882896999443,430.3716926425696
5229.265391540527,8844.908982007206,21988.925329436926,275.0126148807816
3409.962957763672,6432.126521516964,19478.87743686588,335.2342505383305
3655.6014558792112,6368.320820320398,19682.0968080464,326.52586376145484
5025.308726501465,6421.892356681824,20282.576777077564,466.022790825367
4610.106701517105,6559.701861114055,20956.89986882552,317.4711701527238
3341.198578166962,7332.264067191538,21602.016217093274,406.74572589767047
3404.882243394852,6928.969263705052,21123.979754816333,402.9777005469893
3514.28351726532,6595.1699136924,19728.52710160742,327.74358672173696
4111.097034049034,7152.485314752907,19355.129638404265,357.8198321657256
3673.254210472107,6369.514592013508,19966.113316966774,417.7363091677427
4885.051351737976,10619.113375305384,21238.615521115364,315.7015043437015
4121.483594942093,6524.849522482231,19141.881097487203,319.3020912993699
3373.8858003616333,6885.4303382941525,21080.634993556712,422.926762792212
6747.7886481285095,6307.338336919993,19574.29099254768,454.4712317913771
5917.738178920746,8120.817414422333,20018.0397507237,335.6874401077628
4490.774876594544,7196.5893173916265,20916.533905957465,295.4977359538898
4004.120773124695,6525.220477033779,19587.814621239693,316.7938107032329
4090.100257444382,6837.027281854302,21976.770302451427,318.65826496332886
5201.383742618561,6429.499185627699,19655.43872855761,381.0583286210895
3374.4611269950865,6860.736689479929,20916.00792908425,420.782202075189
3441.074949455261,7098.653607818252,21387.010024956064,378.4065919406013
5069.355594825744,6673.582134838402,21432.46778128819,302.67850118279455
3616.856279850006,6499.017757073231,20504.70399864064,311.8720784202218
5307.838040542602,7086.120825192333,20231.5375077359,364.914899109304
3257.814674329757,6807.440007151849,20323.605562768807,401.5254914928111
3315.02969827652,7393.354815856367,22273.651167097305,437.8949338437524
3487.9650817871093,6752.872553571267,21055.68846497645,325.39027814604344
5724.9336977005005,12621.821200186014,22990.041847449,248.1656764376676
4991.999848365784,6912.308978636563,19388.656901240643,302.8740849748254
3368.8685451507567,6689.852672657464,20142.115263429838,439.8088843090344
3175.218291282654,7123.941128352145,22276.73924634442,395.2260526539292
4839.879625320435,8046.323290918767,22768.91355727812,277.42811753824355
4961.619761896133,7344.965902784466,21493.558055532827,315.3515606209636
5362.966358709336,6320.200060197711,19818.68829684142,316.8030298374593
4777.744493103028,11229.972174220904,23370.49446507899,276.12983370533914
5646.28015241623,6156.869211876392,19159.44658631784,332.7644284456968
5705.81106543541,6796.847139531374,21881.5394904808,338.5359916768968
3231.413654232025,6633.77431778051,19654.73412059731,508.4883249873295
4536.820919799805,7190.058779997751,21013.06514495889,301.9205846869387
3672.324349331856,6676.104126244201,20367.77380288534,313.1283243894577
4649.398699474335,7601.427046154253,20893.570169557115,297.0723535512108
3661.215580129624,6368.666307500005,19093.2700835784,455.4644011631608
3339.539649915695,7332.003521749051,22391.88646764865,410.3031281460135
4962.586301326752,12877.848574244232,24878.901242124342,242.25934045431205
3331.952392101288,7445.958234026189,21923.423882446303,430.09929262604567
4471.247106361389,7060.019937787578,22412.86306971361,291.25625306218865
5331.947742080689,10223.956437636913,22633.71500498768,402.2899920500815
4525.989367294312,6931.875902395695,19399.559539891627,308.93176567433403
5887.975953674317,10001.281462171672,22470.119421118805,335.5579046801664
3316.700140953064,6604.11879142914,19265.874393491755,447.9142029087176
4698.239367485046,6783.095341492071,20920.287235311363,396.94411994218825
4198.988002824784,7019.535125199147,19796.645491392457,309.2034740208648
3353.60818452835,7319.944435334462,22434.99300044009,354.7774212355274
5561.979254055023,6766.795332665742,21866.423289871764,370.6020381748676
4877.237054920197,9708.186559026688,22107.104763478805,280.8244248341769
6024.488692474365,6667.175060671568,19163.69884928619,384.061565759033
3338.136473751068,7341.209757030918,22566.825118386383,391.3896207378159
3214.088031864166,6724.397269833833,20165.42168204274,398.4099183503073
3336.841217327118,7361.807635278814,22111.32423692145,473.2764389892225
4118.678722763061,6696.182198274136,20414.860129999248,486.77411180138586
5506.14445104599,6834.60093151778,19878.246475532866,464.8891411975026
3441.883986234665,7102.029003294138,20164.87738469475,355.9774981519673
4532.314800739288,6484.149038236961,19649.51504924012,364.3313650943339
3361.065647196769,7281.821254234109,21425.00577473313,363.07857013340106
3573.102297830582,6540.509833761864,19954.11324444226,333.1141307692975
5330.787936782837,8917.840562842786,20311.857666169537,314.61185609931124
4782.966981506348,6400.80983851403,20056.869145502274,351.79714150875805
5955.314839744568,7076.359251651168,20140.71880079075,412.1925684701652
3485.490082359314,6669.106343483179,20823.227347055617,326.85812975298614
5512.1504113197325,13567.19148688242,24420.921020502297,331.3894620024541
5094.557488250733,13644.98466385901,24759.760568300808,203.3889730184106
6555.34496459961,6772.884487305581,21246.88996315327,442.1810757935047
5548.386596727371,6891.268244914711,19432.528190241457,323.1559342132881
4101.484705781937,7098.878752307966,19405.22623611777,319.061872303579
4041.560287189484,6987.243101793528,21870.413980680365,312.5494187258184
3407.8086216926577,6855.795183142089,20955.36339444769,405.8375020780601
5139.716660118103,12170.81106545031,23756.24906138464,257.6404049965553
3490.068860244751,6963.746601838572,20594.33504139637,378.7073980057612
4040.207288312912,6865.720720293745,21035.94708893757,392.70300787985326
3364.6508938789366,7088.014856366906,20441.734153629284,420.4741729514673
4463.124047851563,6730.181618721783,20521.027269592767,376.6963855803013
3219.640433502197,6983.556376700103,20792.07171093581,447.8168812562246
5557.7593252182005,9396.101265209913,20814.21554315667,285.68593489744234
4622.998614764214,8938.78070700951,21582.28181113433,323.45565602630376
3439.671006536484,6864.160363166966,21063.087867421156,294.092284428142
5057.254805707931,6771.423093683273,20547.67806580041,356.6146650269628
3314.470361661911,6765.38580657551,21109.801643138104,419.4122000478616
4365.66,12814.11,43416.95,1.7
