247.9418246984482,43.63077996373177,63.702677726745605,62.79196071624756
139.5925803422928,10.593281385302545,13.564093665778636,83.26182641983033
368.6828945159912,32.80491508841514,10.91134558096528,95.1129427909851
477.904658651352,13.882123509421945,23.06470328569412,26.60800256729126
204.237387919426,25.607910726964477,41.81245947778225,36.03683161735535
352.33833780288694,10.167584554292262,31.2469363629818,42.49401569366455
286.00987205505373,36.55775907337666,24.534823206067085,55.4837158203125
354.79077208042145,6.877507134389452,54.59559040665626,25.4839111328125
96.57192736752332,43.88202532529831,83.6081591039896,81.4426983833313
211.3332617521286,8.565421451837755,61.295903250575066,49.01403985023499
122.81456676125526,23.760577688366176,11.787766863405704,86.91821050643921
190.4992573261261,31.462879982590675,33.05828931629658,55.99598226547241
336.5439922332764,11.98115234458819,80.20813603401184,78.08961963653564
536.1241534948349,40.2897563457489,52.41574476361275,90.75724487304689
105.95028772465884,12.78059934815392,13.22332942187786,39.60199232101441
244.10209004879,15.413379688747227,72.1372247070074,41.70117864608765
204.9846829414368,26.245642307400704,20.115184971690176,80.53265991210938
94.54684998095036,48.640811881423,69.50142758190631,28.160450315475465
66.0887865126133,38.15142988115549,64.10826964080334,74.56464347839355
444.57804894447327,8.088567139082533,36.19293818473816,20.738912844657897
488.7938790082932,31.47849742472172,36.37923575639725,16.23079397678375
217.69426462650296,17.599530720710753,64.11875715851784,66.16880474090576
505.9932470083237,23.047401043772695,18.218298019468783,72.61314525604249
432.7203602075577,28.52022141292691,65.71817860007286,53.51613597869873
317.7686751842499,23.061582249403,12.13704136237502,20.10753285884857
79.01472508646548,30.97312508970499,34.02476721405983,55.76470861434937
518.2344105005265,14.393941838480533,39.3371963262558,76.2799783706665
166.5260419845581,7.7541941067889635,31.46784887313843,24.814119482040404
529.6233850955963,36.64977290481329,54.93569516241551,86.362864112854
457.5109741926193,11.976408482529225,74.06164922714234,57.44259872436523
460.49622068405154,43.615105134248736,35.230150520801544,20.24399027824402
178.85436801910402,21.563776462897657,70.64891583621502,85.59719200134278
63.0336269127205,25.769719355553388,41.16248924136162,30.150593757629395
118.90461506061256,18.20846823267639,84.93107375502586,38.92586483955383
324.3434355020524,32.6588273704052,36.159216958284375,95.31872825622558
521.2066666364669,15.596211196295917,46.27845327854156,37.015627193450925
203.1097407579422,6.042003899915926,55.25349986553192,54.40170431137085
84.06513101328164,15.84007277842611,81.38612235188484,31.649660873413087
128.02310674488544,25.69847232922912,86.75584655106067,31.763360118865968
399.5472820520401,35.06928881704808,26.94574314653873,73.98048629760743
243.9254238367081,30.108778797090054,56.57323474287987,57.33295679092407
101.64324307367204,41.34230448007584,33.74777049720287,26.97970380783081
82.7664592353627,30.65396426469088,62.44193440675736,12.25503876209259
314.2157068967819,14.553277005068958,57.481524747610095,25.85954689979553
403.8171659708023,21.244104911759496,78.57717502117157,22.626403903961183
236.0805772066116,9.126633219327775,78.01825110316277,87.0063009262085
190.11741561889647,31.278477941453456,71.27045301795006,59.02032785415649
329.9341996908188,14.223646539449692,16.41188059747219,88.81048383712769
490.3204549312592,31.71875488609076,34.53258166909218,40.9681761264801
427.0017115116119,40.67546138465404,73.21641580462456,78.41379890441894
389.48581967353823,7.880478609372949,21.404727137088777,88.79260358810424
366.828155207634,4.88064660385744,17.073915833234786,68.2982213973999
65.83970589395612,11.20710455053486,51.82386199831963,71.33774404525757
387.8364816427231,14.377732257544997,62.04856880903244,31.28348298072815
227.78120572566985,34.71346267312765,57.273446983098985,84.59979925155639
375.6376122951508,27.27679909914732,16.447843186557293,42.61727285385132
190.24695818424223,14.423954880796371,85.1271574318409,44.92996015548706
519.8059396743774,31.246565490961075,66.6591267824173,53.87309226989746
351.068355679512,24.055792186409235,23.991442680358887,73.53401174545289
189.9132388710976,5.5643896599757685,58.21999827325344,26.0673565864563
538.0814301490784,45.71430118978024,74.9935046494007,42.75665483474732
72.02471916172654,42.863155719637874,41.714197620749474,95.25213899612427
550.1042713165283,41.37415356636048,30.849881431460386,44.070180130004886
481.6811305046082,17.095500816218554,21.948943543434144,58.99504117965698
524.8565309524536,34.57797614336014,54.91781405806542,19.12667586803436
363.5578021764756,45.27038528323173,19.90653637647629,55.76908130645752
500.0063574314117,33.99849283248186,59.65316005349159,71.63896207809448
244.41002712249755,16.316641667857766,69.34098363816739,81.17858638763428
507.0441995620728,43.85257914662361,46.43239267170429,53.79046268463135
464.2636993885041,30.242194966226812,59.985361540317534,79.78402738571167
502.4222092151642,19.195587541908026,39.816642075777054,18.855425119400024
347.7087957620621,5.970054670428089,43.92485601603985,57.82758197784424
203.1045125722885,30.419294954836367,12.64626065567136,14.003444933891297
466.8651201486588,18.81806696802378,18.858633571863173,56.01367683410645
443.4357574224472,14.113516122661531,55.87785328626633,18.112090826034542
89.10402726568282,26.18746455386281,51.063885828852655,66.60823726654053
407.1187262296677,47.72650609910488,47.84189237654209,38.976203775405885
455.7725526332855,16.445307447202502,44.93259391784668,17.517309832572938
75.9317193876952,44.64251918494701,74.50361016988754,71.68468599319458
252.3202915906906,11.593592842295768,21.281120803952216,32.51134676933289
316.043214416504,35.53306334912777,58.286003202199936,35.032654476165774
530.4226173877717,36.109820702672,49.58007166087627,63.69956617355346
273.5269986629486,14.505413812212646,35.91393573880195,76.64133672714233
66.40325294006615,9.477692191395908,14.018442218750716,14.331855201721192
484.7723685264588,34.96057316660881,47.55537471175194,19.186126947402958
299.342106795311,23.471329633891585,22.49110064208508,48.46956081390381
257.61729621887207,31.51886367723346,57.41343815922737,14.69215259552002
252.33652951717377,29.611992138624192,46.60320425629616,85.24304428100587
392.53589169979097,11.111421789228917,14.72452257871628,66.52796478271485
76.43385625891388,28.654171390831472,84.75462783873081,61.60911350250244
254.25430533885955,30.558553378283975,43.60463760793209,58.19494276046753
537.2189394950867,19.59312593303621,77.95379813313484,89.29436359405517
160.88792502880096,7.555268027524562,18.55187181830406,12.428566074371338
108.50704574771224,32.9642550483346,15.218898053467274,39.0251935005188
488.39165437221527,5.656611902821896,69.10261406898499,35.070997667312625
123.7020714342594,32.66861941665411,56.50516819357872,87.07878875732422
428.20707008838656,39.53379562795162,30.56913880109787,26.10623631477356
424.46265370845794,37.4539082467556,82.65197373628617,46.76564626693725
252.01053802967076,35.923494750261305,34.71593373715878,91.73905906677246
492.9090638399124,21.350488990172742,63.45996013879776,76.17247409820557
115.74949896261096,41.536470520496366,47.08358396589756,82.63139047622681
219.94974026679992,44.56131865680218,39.25254920125008,11.708345937728884
521.0327276706696,8.102044393237247,32.60889619886875,93.20004539489746
548.8752788782119,28.944027338922023,55.26864776015282,49.5450421333313
210.21323757171632,17.70153870023787,59.46354827284813,76.16191892623901
448.8913809299469,38.7136812210083,16.220157946646214,53.60106706619263
92.77720050252974,26.620965214073657,42.56216534376144,87.78971519470215
239.80418174266816,9.28265352526214,20.27668826878071,76.94933652877808
373.06498715877535,8.625293208332732,15.743084086477756,71.61465759277344
97.85292481929064,40.84727998375892,64.08941951990127,17.812683320045473
104.21972540616989,46.44308394193649,38.49319652915001,43.58111591339112
469.98577868938446,42.77445402443409,80.0995858848095,76.08312635421753
248.3971114397049,7.960286243616156,67.77714437842369,59.25627927780151
271.156080532074,41.86236290931701,17.94335563480854,53.61496477127075
64.6866375202313,25.090457221865652,14.78170104920864,21.142618155479436
121.15968260765077,30.86469897478819,66.56038707792759,61.47977876663208
547.6229541540146,19.191075674071907,30.215638461709023,86.12744970321656
177.3439750790596,43.94524911642075,10.330737601965666,94.8659770965576
86.24376607760787,41.18225752711296,48.92082746028901,97.5191436767578
99.90540161691608,27.33255964666605,87.01276659965515,56.9982813835144
375.0233002662659,32.42909672260284,42.8842072725296,65.24204053878785
335.2991084575653,44.13468912541866,12.88357730731368,35.13265085220337
528.7529036998749,42.99843983352184,42.59930993318558,64.44477653503418
194.90415074825287,12.200158911943436,44.32069064378739,41.47209815979004
359.4577867984772,7.600247373317961,79.60418891906738,96.42093181610107
415.2940008640289,25.663306936621662,32.13772736787796,81.41830596923828
408.9545548915863,11.035430373530836,75.0252362370491,82.13661203384399
545.1059924125672,35.63716686218977,53.84464036822319,46.92906098365784
522.9893261909485,42.39690534174442,13.7100887671113,13.020570015907287
247.15841546058653,40.09120321422815,83.33142392635345,23.781023597717287
361.6313212871552,19.5800404176116,79.55173711776733,83.89886560440064
456.7224427461624,24.559556453675032,40.098481336236,34.4033016204834
92.94461858384312,39.98929450809956,71.12700383663177,98.08235263824464
563.5422665357589,26.176018730551004,64.34150317013264,92.72192468643188
483.0121006965637,15.380710848048327,42.93003706336022,21.892953968048097
534.1229922056198,28.424579417705537,26.10483691096306,68.94735288619995
371.59471101760863,18.775794013962148,17.944256687164305,69.09307699203491
323.4369876146317,35.640255954861644,47.44409854412079,84.85619668960571
320.94433710575106,26.88386029228568,74.80530434250832,45.74070219993591
129.80233834683895,5.694486860394591,67.42304973602295,64.6027406692505
411.00881869792937,14.090389899723233,21.14547123014927,12.004776573181152
233.2861300945282,28.37739670723677,39.005470058321954,48.81166772842407
516.8353190422058,18.203808338195085,46.69378807544708,78.71954946517944
263.8466372013092,29.37457778826356,72.37687969207764,93.33979215621947
129.65102124810218,42.87285795211792,46.405415600538255,33.18074054718018
278.6467840433121,45.297904905676845,46.34856125414372,39.54401049613953
374.6710428953171,15.13855915237218,16.14980516731739,21.902299332618718
125.08537629842758,10.56262545529753,19.732289788126945,64.71195163726807
152.67219475507736,18.571301102265718,79.41241256296635,52.3217113494873
391.4334805727005,12.343604265525936,25.586441639065743,14.28516492843628
145.65899223089218,16.867692976631226,24.45745399594307,18.451390171051024
121.02352186813953,23.218446102365853,25.3827931702137,42.64656691551208
315.2357545137405,32.28446512371302,12.395228287577629,80.28548212051392
381.5813899040222,7.768523106587144,72.26308016777038,90.69902896881104
94.25324718654156,15.810343908704818,72.076370921731,76.22336378097535
154.72699592113494,13.160364384576678,37.80494622886181,53.25772819519043
372.5617812395096,19.14043511599302,43.33945749700069,75.67097568511963
82.56607821285725,14.794000494293869,64.14732308983803,89.01023178100586
310.1631482124329,25.881174597889185,17.553328916430473,49.66206007003784
312.6151889085769,14.278083077073097,29.56571392416954,43.50392136573792
72.00782880075276,17.857665801420808,26.14227249622345,39.79978318214417
122.98243508338928,41.0967292368412,54.03782516121864,69.79968576431274
450.9244015932083,24.282217679172756,15.870357216894629,57.31797361373901
349.3094424724579,37.03346384316683,41.71356558799744,21.796194314956665
203.37832810878757,19.11912857219577,57.866456371545794,60.37234983444214
226.43971574306488,48.26133844852448,54.7046214401722,31.34328045845032
107.0002747543156,10.81507745035924,28.21032201051712,24.709293556213375
156.9580790758133,15.828085528127849,22.321237635612487,87.62340803146363
104.75411127842963,25.500837790220977,40.08700687587261,96.08105430603028
120.414900547266,20.433527284488083,83.15874607563019,86.01503267288209
470.3664249897003,14.759643362276256,22.04880227446556,68.74382333755493
504.5506956577301,28.59480075314641,51.82495412230492,35.199932765960696
432.7390502214432,12.034863564930856,33.364777928590776,47.563447046279904
314.1170866727829,14.316870937123896,18.154680240154267,63.85021266937256
205.89825115203857,28.228861168026924,21.372356006503104,52.97452974319458
322.9545730829239,7.134205374253634,34.78905897140503,22.379158663749696
94.41192180104554,45.05980199277401,33.42438569366932,79.93909587860108
189.3072499036789,32.177921330928804,66.74947274923325,62.533030128479005
301.0772716760636,20.863607086613776,35.19656425714493,91.62481966018676
478.811866235733,43.57837046384812,18.59251559972763,74.17166051864623
533.023397064209,11.716939364559948,14.273620441555977,75.02297048568725
351.1182773113251,38.58967433869839,19.875846576690677,79.88826971054077
164.1184088587761,11.081828456930817,21.694099843502045,80.53056869506835
399.2922113418579,25.121436916291717,35.69562551081181,86.9593719482422
247.00341966152192,37.77548472434282,42.15043446421623,43.48846607208252
288.55759279727937,16.642168221622704,65.12167349457741,54.44282236099243
177.63723123073578,41.66057123541832,38.42779828906059,58.03363866806031
520.4381655931472,29.03986278027296,17.944006273150443,92.36922407150269
379.48169219493866,17.82282262891531,19.81593770980835,79.74097967147827
373.8878126144409,25.601348403841257,74.04658570885658,79.22404947280884
138.43622640371322,16.90901939123869,27.98059836626053,74.46766529083251
80.8820681642741,27.60661128312349,68.02509061694145,87.40595750808716
236.345517039299,37.92133793830872,17.808517012000085,84.3965929031372
118.21701769195496,21.79598617814481,71.29549207687378,23.752083444595332
177.02769222259522,33.82226165682077,63.56303966641426,66.49144744873047
390.5602213859558,27.801600394397973,28.17522851228714,40.69590516090393
150.36550744771958,42.145543384552,53.60420422554016,45.640768671035765
290.8068498849869,43.51547574698925,21.046373653411862,61.73595294952393
317.79590287208555,28.9609607540071,10.782942525297404,86.62859344482422
532.5431520700455,26.611383950710294,59.28008141815663,90.80200691223143
414.1063678741455,10.650938609289003,51.543869227170944,63.36097164154053
277.194256067276,34.140060207247735,77.46432979106903,91.2458987236023
289.8721442937851,9.108253436523956,81.8165121614933,83.64281101226807
124.0557512551546,42.66081108450889,76.53457626700401,55.87689380645752
343.1541435480118,20.58791820220649,13.632138308882713,40.09743342399597
449.0505217075348,4.713859944558408,34.106703978776935,45.1265908241272
314.0140339374542,42.35388262569904,35.28117263317108,40.85912899971008
419.459254360199,23.86743893623352,26.18501923084259,49.96702060699463
131.96205545663832,11.850240924023092,47.49959675371647,47.52441520690918
514.7309078454971,18.80461767241359,51.52490130364895,65.51055173873901
68.96294034551829,30.7097261980176,22.474175643920898,91.52956428527833
136.25154098272324,20.56720239333809,15.53744335770607,94.34706497192384
313.61720168590546,28.3457274004817,14.50081504881382,75.97388381958008
158.70276811122895,44.48212694823742,25.13955338895321,27.49466371536255
80.76508263833821,25.324956631660463,52.90039081573487,16.573246932029726
437.22991478443146,22.54269233494997,48.24885121583939,49.22028713226318
246.20015325546265,28.755733571201564,21.196708297729494,26.53776454925537
471.2064670562744,46.255092009902,37.32822480499745,34.40594029426575
381.3602270841599,22.182530650123955,12.074139446765184,24.27520582675934
421.202530503273,33.02270286083221,12.06733939051628,29.977987813949586
175.80949490070344,33.89744525998831,11.707328362762928,19.78534333705902
463.9185281991959,12.44175467416644,57.61000902056694,31.3435332775116
114.0076338082552,14.337149677239358,64.2046248793602,85.16936559677124
479.6466340065002,21.7172860506922,59.08987300395965,28.645516109466552
206.0684639930725,44.26293928325176,11.176198589801787,18.174332523345942
166.9390972495079,5.618317458468482,23.33745892643929,61.38604974746704
259.72349948883056,41.21650023162365,70.89337081313133,40.48451457023621
182.6859719991684,19.76869828812778,53.88065180182457,34.02263250350952
362.5020970344543,22.129723791778087,50.37645545005798,48.5934543132782
206.5902437210083,46.51718460917473,66.76621916890144,22.89069859981537
499.20503361225127,23.60703226774931,73.55922216176987,80.1169638633728
272.54334247112274,5.442293163490467,29.733017641305924,57.77750692367554
383.2518791437149,14.808096542395653,19.803305649757384,83.3004563331604
539.6414070129395,26.12301868274808,22.041348758339883,34.20772314071655
70.9746775045991,42.04751603901386,18.36921434700489,59.68916234970093
201.81218433380127,26.69381971284747,57.72049502432346,82.90531158447266
165.56591070890423,4.829591735095983,19.43839273750782,86.62925148010254
496.2705092668533,28.14717241972685,52.91285111904144,68.37463493347168
147.19906538128853,42.4634866386652,41.12980213165283,44.10404047966004
322.1851722955704,6.397566721758357,21.954062122106556,74.8546591758728
103.67369510158896,29.55730387121439,28.732880699634556,45.25197825431824
196.8119226694107,18.7872277174145,63.87380596697331,36.53899445533752
349.0119420528412,23.307346024364232,57.462505334615706,92.19696769714356
407.1406054735184,13.987579012662172,12.149846747517586,33.46135425567627
358.1459119796753,6.588051295852983,46.045729079842566,62.527330780029295
226.3078572750092,38.48963420242071,18.75509377717972,17.279195642471315
413.8688137054443,24.276385824382302,60.21430325210095,48.70763278007507
186.18381004333497,37.91451231986285,69.36797662973404,71.14139709472656
195.6867640972137,30.25178370773792,36.833803701400754,18.69741756916046
507.8488818645477,10.079967683064751,79.2155569434166,49.617810344696046
156.05800322294235,26.241373047977685,75.51190448105335,74.40396747589111
469.3153252840042,30.561154621839524,59.19214048683644,84.43414888381957
191.16495914459227,24.00794184803963,26.06052692234516,96.72424068450928
540.1557490587235,5.988018326333531,59.90188005566597,90.9367244720459
150.97905589342116,29.42087005749345,80.92830730676651,13.70829746723175
416.950981926918,16.2516008367762,75.5897524356842,95.09807443618774
537.0749516010285,23.032903286069637,71.11002604961395,83.99524068832397
221.63811349868772,38.475949539244176,12.312342588603496,62.617075729370114
178.45819900035858,9.414077497157267,15.304385028779508,71.04046964645386
222.09336912631989,33.99444987326861,14.421626135706902,38.141496896743774
328.80262446403503,36.59062798768282,33.0827620357275,65.16097278594971
500.6766432523728,31.230541574954987,28.690176317095755,12.8490704536438
489.6089531898498,5.335041631736294,72.66472049951554,56.457826900482175
536.416001868248,37.839478170871736,81.10303037166595,41.07447290420532
443.7378408908844,20.38347457535565,44.55175989568234,65.16149520874023
482.6515552520752,47.9469014108181,65.84265731573105,47.19445924758911
268.2307353973389,36.80695636719465,27.54682646393776,20.33177797794342
226.0648328065872,16.117957342416048,31.720840927958488,31.03197021484375
83.36346565671265,5.373944392534122,90.22655012011528,48.541235017776486
258.4758537530899,31.830214928090573,25.790219303965568,93.42915000915528
461.0986697912216,8.062852018254398,39.84830016195774,87.02983560562134
525.5233674049377,24.11119954288006,54.57841853499413,25.23729968070984
550.6755273342133,13.668690452538431,76.99252383112908,66.96836071014404
362.87246708869935,26.63080050945282,26.79531990289688,26.046944761276244
167.3543084859848,12.134843621961773,69.75422557592393,41.19049282073975
93.40249567329884,44.6361045986414,76.7421534627676,91.82108373641968
559.4468195438385,11.39443136677146,38.21021359562874,76.47314405441284
410.4908576250076,11.446391750685873,69.64936368465423,30.16164150238037
173.97889530658722,26.159486085176468,53.87723314166069,61.18965063095093
102.02587724104524,43.61742449402809,29.807091295719147,22.14137225151062
507.9265104293824,42.98722463846207,71.1761178791523,80.95550479888917
374.458745265007,26.44371236339212,15.907367867231368,46.14915494918823
245.31501669883727,15.032949423976245,63.8277439802885,53.86177082061768
102.20752466991544,14.400433982536196,62.300356125831605,17.362036252021788
481.9466608524323,24.06161747723818,44.52840122580528,62.07355813980102
467.62991518974303,18.28282466232777,58.541122388839725,59.74341106414795
196.1278443098068,40.52343873679638,69.19760113060474,67.9875786781311
490.1270289182663,39.22634819447994,60.27903345823288,83.36328840255737
412.1693758487701,31.58606750667095,54.28519361615181,76.08091735839844
140.13571437597275,43.78202721476555,77.41935292482376,13.301517605781555
477.4023337364197,9.645087971398606,33.94199714362621,75.22567119598389
141.69450175762177,38.13872667700052,73.31062195301055,54.88798751831055
67.34492869693786,16.142779855057597,56.33160696327686,96.48870553970336
373.0830549478531,14.92040142957121,55.85903723835945,57.60732793807984
446.60072979927065,8.8320352966286,64.59576246142387,57.61420364379883
548.6371346950531,17.883744864165784,54.80792069733143,91.63460302352904
112.47225822806358,46.2937274992466,62.5662807226181,16.644003295898436
212.55842804908752,33.34970886707306,14.631166198849678,61.39352140426636
238.508918595314,29.4352284476161,12.904695436358452,86.58102302551269
542.5754781007766,44.52054133713246,63.64614631533623,21.963551115989684
422.947798705101,5.518683326263727,11.085484006255864,38.72151837348938
297.3315191507339,35.89813178479672,60.28214308917522,49.49598741531372
196.3440496444702,46.04516751170159,41.48913598656655,50.03161773681641
137.0743071526289,39.61984886080027,62.68048132061959,30.11951060295105
99.6144928585738,32.39214068949222,59.75068046450615,34.62581868171692
542.7687905788422,10.450421181693674,40.71566652953625,92.63818693161012
257.0973243951797,32.209075297415254,39.20551046133041,34.55467205047607
538.4450628757477,21.391269048303364,74.15703631639481,30.631655550003053
165.35862412452698,5.8254025899781485,59.4521811157465,42.76006164550781
496.7356329917908,24.964247681200504,80.84658405780792,26.95479364395141
500.471493935585,35.43369738608599,64.74979741573334,84.03404779434204
438.24507834911344,31.74919717907905,20.649794444441795,13.55487778186798
533.0721000909805,30.6195728123188,66.75039796233177,52.054167652130126
120.383958850801,9.719594881706872,63.082413119077685,48.500332021713255
162.99091957807542,24.33619985058904,14.416256408393384,61.37642889022827
195.36809763908383,37.46482890099287,33.12925215959549,50.669281578063966
68.86403789613396,7.685131018750235,40.07563026845455,53.211188888549806
365.0825944185257,16.110375117510557,59.70817061066627,85.47705974578858
449.3362006187439,6.598889107955347,45.29495499730111,19.79052107334137
183.0948746204376,45.86093398630619,20.47254667580128,54.532733249664304
366.5088200092316,35.43022934645414,51.75836083889008,11.603299975395204
218.68481163978575,25.415989854186773,16.208015348017216,41.2605320930481
74.47842976935208,7.815553417429055,39.59333972334862,22.25722382068634
342.1875145435333,34.46468649655581,68.78215382099151,28.096509313583372
147.31828212738037,8.808005257195328,57.445936787128446,72.13872346878051
77.47947242241352,43.087763991951945,13.415538915991783,56.7116813659668
418.90284569263457,39.55751264989376,60.92827752828598,80.33317613601685
235.65680294036864,37.62221177965402,15.501919862627982,88.61895036697388
333.450860953331,37.684279774129394,42.81714889109135,66.68830013275146
318.9202440023422,36.64627732932568,16.716120928525925,15.997873210906985
176.31831485033035,11.106046641245484,77.08448904454708,29.96633553504944
551.3907787322999,17.738627194985746,22.72262366116047,79.24859819412231
392.5320588350296,24.18846054524183,49.931423768401146,73.1802453994751
176.78408064842225,45.699435266852376,82.75554149150848,67.28093929290772
160.95978252887727,34.52249317765236,16.070189486443997,13.424073815345764
192.25238666534423,22.99512943327427,74.56470575332642,73.95866022109985
416.78032093048097,22.77431991100311,35.08390098810196,42.87356314659119
546.4586171150207,6.059515087492218,71.83306702375413,60.73884496688843
284.0664517402649,33.72199982404709,45.23229336738586,86.7180338859558
505.45374224185946,22.419908774271608,29.714065906405448,62.05860471725464
513.9002514600754,12.869076095055789,54.51532919406891,65.43991222381592
434.27081034183504,9.73848158859182,60.92942886352539,89.65219745635986
143.0205195903778,14.22564358189702,85.10390733778476,26.44667654037476
493.77260863780975,23.777486626803874,27.459341382980348,86.33304462432861
282.9646870613098,25.150711929798128,36.21672363579273,62.30770120620728
137.16602306962014,20.23207077793777,85.30049177706242,33.16038670539856
385.7622259378433,18.68610969632864,66.84876970052719,22.0611421585083
541.9235598325729,24.046995327621698,28.80916854441166,17.091000056266786
149.57357639074326,25.333851201087235,34.808709007501605,82.85110168457031
277.51376540660857,14.536205984279514,54.86704877614975,72.18249549865723
145.1771755218506,11.165788977080956,12.080922430753708,72.8376955986023
397.107190656662,23.213216280192132,70.30166991353035,80.69360284805298
348.2762123823166,42.68160028457642,26.027012893557547,20.446427702903748
201.12145192623137,6.79857758167218,48.77797791361809,92.15914211273191
84.2358606884256,9.53725570847746,43.62599678635597,92.36525793075562
218.00301146507263,26.47610365599394,13.440358542650936,23.61770212650299
560.6522467136383,43.26884903013706,9.638713036477563,93.41195554733277
374.48262815475465,39.90003916323185,42.94830348789692,55.486916065216064
301.53652503490446,33.83405666947365,21.46737796962261,13.363669037818909
216.7731196880341,33.06344313770533,24.721959695219997,69.32108221054077
558.4004567146301,8.612136668424228,58.19169334173203,49.01970357894898
499.8293845891952,11.535742241982373,59.18588851690292,83.43875389099121
526.5343273401261,33.70002736002207,45.57156480550766,64.25282163619995
502.68427941799166,26.896698969602586,11.55596394687891,91.60239038467408
407.0933841466904,31.54433781951666,25.387189295887943,67.94649171829224
258.8415568113327,30.779096208512783,17.53589504957199,67.96584835052491
569.3758629322052,6.396038439646236,79.25602443218231,45.69093103408814
498.31985595226286,35.72957931160927,50.50354650914669,74.78475894927979
500.1413684844971,20.414991871640087,33.336833691596986,68.6297477722168
453.6482131242752,35.4635556653142,67.98003494143487,48.74865312576294
469.51787815094,10.191360091348178,51.14240074157715,11.236362218856812
225.4002780437469,19.21312996223569,38.99031203389168,71.21676683425903
247.98718852996825,22.54803549796343,27.417743852734567,43.21832437515259
176.82193791866302,7.519537822546772,54.68311051428318,68.79399833679199
375.5857984304428,22.79367321580649,37.26659978926182,85.76777544021607
305.85186913013456,23.63180769234896,11.383942072838543,40.3840856552124
249.97611594200131,20.533486450091004,52.60725637078285,57.14811477661133
365.6588011264801,35.25608008205891,68.31076279878616,73.10621490478516
539.4724646568299,5.7378959459506405,25.84607803821564,11.391407859325408
390.8595017433166,40.74781900048256,27.300483986735344,91.33255529403688
92.49890884421764,46.36807628273964,36.40000442266464,19.68507287502289
291.3368039608002,14.96820382885635,30.970661038160323,37.66993236541748
460.402351140976,25.84910486638546,32.2678263425827,63.66657457351685
416.2129057884216,16.488056627847254,40.291850715875626,21.27587218284607
152.47839611768725,32.29788059443236,23.33155727982521,56.44791078567505
404.7472417831421,9.2962892569165,51.31863586306572,32.94190320968628
541.2942591667176,24.8139506585896,67.12040158510209,57.9520076751709
84.9726406449452,30.59240116328001,85.19776095747947,63.89357891082764
471.9946282148361,43.10760122835636,26.484874793887137,29.1009033203125
371.3464470863343,20.717857465520503,69.91887980103493,88.94522132873536
227.75641067028045,14.186811108514666,68.8726432800293,34.82957668304444
468.3737781047821,22.773147793486714,58.95061575770378,18.986798930168156
370.24835727214816,23.96901068687439,53.06142888069153,25.295372867584227
425.84393696784974,42.26000881493091,27.35828487873077,19.016730618476867
74.9931687168777,31.08618306070566,57.1783921867609,59.09740152359009
176.8817888855934,20.265288280323148,54.27214214503765,53.95571975708008
563.8447985172272,9.979129195725545,59.67089630365372,45.69808759689331
279.642645072937,33.2981714129448,59.635318011045456,96.99474124908448
126.66135519742966,8.811902857886162,65.06281864047051,61.00920219421387
203.34680845737455,7.748976586501977,15.951818169653416,88.50217247009277
154.6577716112137,17.59379559122026,26.717963168025012,41.6564151763916
96.73844597861172,24.940922337770463,14.368646018207071,77.97283916473388
179.38017230033876,26.20541257411241,75.94210569560528,67.32597007751465
326.8062732934952,17.50556985884905,34.14071859121323,68.9466103553772
555.5718906164169,30.607016322016715,49.721006923913954,74.05422773361207
298.46283385753634,6.899480101567678,50.58313981890679,93.98907432556152
149.6229741215706,32.65815429240465,24.795622372627257,57.37178373336792
109.22641369104386,22.979094991460443,69.60300421118737,41.491062831878665
394.46391294002535,39.17157133221626,77.74133152961731,31.061937522888183
265.50407633781435,10.684233901277183,82.3860500395298,91.34743900299073
328.56675760746003,38.77198210954666,47.7735973238945,64.95291318893433
106.26727096289396,34.424634440243246,18.746712976694106,79.90419826507568
432.1041380405426,35.178147637844084,12.13338406085968,37.00768179893494
197.7560006380081,18.930718348547817,16.083813507854938,92.29193286895752
328.804330444336,16.782505752518773,38.99401447474956,49.60697507858277
353.5681846857071,25.061996373534203,76.99532620310784,53.874134349823
562.4573703527451,38.42682602852583,24.5693652510643,91.54038019180298
122.87297673225405,37.83337559401989,38.023489996790886,87.1363374710083
474.8123855113983,39.75332886576653,67.81600059270859,37.35666694641113
102.3870901055634,20.470288576185705,22.403711637854578,69.52027950286865
237.53436138629917,44.5901319116354,56.4503358066082,82.26898431777954
128.30469462275505,40.32009822428226,81.50282224118709,53.473140239715576
358.49452927112577,35.52125374674797,22.513665905594827,54.40351943969726
257.70488374233247,11.270331929484382,37.39205031394958,16.67086079120636
75.99507913738489,10.231333270855249,87.43660691678524,59.30738801956177
556.4659615516663,22.72885922603309,32.12430652976036,54.18515529632568
264.0606694698334,8.890548738976577,57.16407065093517,29.475846195220942
366.3866009712219,32.89656173735857,22.355121850967407,16.067125773429872
459.9237248897553,22.501111777126788,13.63459317162633,97.21415271759034
86.92572353053838,34.97254067212343,87.33823861181736,31.60714883804321
132.771669087559,9.606666534766555,32.59544215798378,19.53849127292633
415.5358936071396,6.935326218467526,46.29691696763039,97.28655834197998
466.55108041763305,28.96628507077694,31.895088171958925,64.84089488983155
327.8941244363785,21.41909608133137,19.21562081873417,87.88632173538208
278.83530988693235,12.42660826779902,37.02780260145664,46.74245171546936
472.30413410663607,36.60360764712095,70.8380019068718,11.690642178058624
257.1642845630646,25.44596846178174,11.689413391798734,33.53964848518372
443.20745542049406,10.75183592014946,49.06343239545822,29.356810998916625
69.62862445786595,14.370877588540315,86.20485912859439,80.8529188156128
530.0490675449371,25.21426915228367,17.520401561260222,58.1960599899292
285.03007984161377,39.09951206892729,16.915246734023093,53.22353668212891
137.1609704077244,17.747703414782883,66.64913014173507,52.50642032623291
252.39284048080444,20.28309616930783,43.50615046918392,79.0091944694519
484.9791120290756,46.47681766152382,67.35629414319992,38.1631178855896
410.799647307396,21.75638151839376,28.146231588721275,83.78285713195801
82.46467625852674,42.089792382717135,44.70162217915058,66.596426486969
388.9459068775177,40.879816541075705,55.83569564819336,64.02556419372559
95.3331788111478,25.02750229910016,20.62138122022152,72.90256767272949
312.3249366521835,34.263142991065976,13.464966882020237,18.110251903533936
418.4402354478836,8.09334194570074,15.909108424931764,11.792148196697235
523.8417427539825,35.63886205106974,35.392144832015035,36.38712673187256
233.70461649894716,38.40695077478885,58.717841672897336,26.809846782684325
151.05635826587678,8.558923293102998,59.16761023402214,77.17917098999024
199.4869896411896,5.327849476483334,15.674022883176804,94.87510662078856
203.84779078960415,35.969215247035024,56.58710726797581,43.966499137878415
167.17262300252915,9.458833654946648,55.47259251773357,78.07416677474976
391.096434378624,25.4329391695559,12.495459248870612,94.96195774078367
457.8310359239578,16.12696826849133,80.18743797540665,62.8896861076355
351.4673865795136,34.64748640656471,68.55176683068275,67.76120109558106
119.78986666873098,18.177223431319,82.21771218180656,30.29981231689453
247.10401442050932,21.80347914919257,42.13442377746105,64.04030675888062
535.8707257509232,15.113994951732456,19.55825663357973,27.937779045104985
508.9673815250397,30.027604226768016,30.2919078797102,81.54997596740722
498.6716815233231,41.644332382082936,77.22492769956588,32.778449058532715
441.6908522367477,22.650697135552765,70.15667170286179,73.92911911010742
444.49661433696747,30.775509689748286,22.55784035623073,58.00682525634765
535.6056273221969,44.01731073260307,13.041924475878478,25.00937294960022
121.94315949752928,36.51495427191257,73.16857675015926,29.524556827545165
309.77093679904937,38.843278732895854,63.32585137486458,57.87558994293213
353.8294854402542,24.78489882797003,31.510178753733637,59.83193683624268
407.8906899213791,39.71758217811585,55.508139595389366,76.81188344955444
136.6553783297539,23.11251112483442,10.219488284736872,32.20058917999268
410.3691970586777,45.30330132544041,16.82244471758604,45.52350249290466
463.9004531145096,12.640231883060189,49.75873076617718,74.33256111145019
373.085732460022,12.076494398713113,35.58356839120388,78.82918682098389
336.1681943416596,5.198670820517964,66.82563910484313,13.81575665473938
416.1193482160568,12.645874355640265,79.68621430397033,42.57911558151245
229.21911668777463,10.566056829644369,32.3390570551157,86.99823799133301
555.5852074146271,18.93701160438359,41.9484047561884,73.30515308380127
488.7332841157913,30.096211318671703,38.49769232571125,46.75745930671692
393.4096612930298,4.668991858917525,55.04761155545712,41.45214562416077
449.1299941539765,8.268979993945596,52.47898806631565,52.36974000930786
380.5945054531097,7.1293227382108855,51.95222529768944,59.4286506652832
343.3865279436112,28.547603618353605,58.52543560564518,80.69909143447876
194.6314690589905,40.99084877371788,47.21470561027527,17.441434454917907
92.7922556295991,18.118767964839936,70.48831609487533,72.70086374282837
454.2068178653717,26.778946347534657,42.200442188978194,23.487658548355103
214.8414785146713,23.42667021639645,16.304729080200197,30.114035892486573
364.9919635295868,33.902619156241414,81.0680823802948,91.83646068572996
385.793057012558,21.147261795774103,55.54481032788753,78.96382970809937
119.26755137629809,21.061086680367588,75.21779264509678,44.165400457382205
331.0929797410965,28.119705344736577,23.247746524214744,42.17645521163941
233.13171243667605,5.555032340187518,11.29099611118436,82.9957184791565
202.5705485343933,25.17614252492785,31.7980154812336,92.610600566864
194.5473595142365,21.66758651584387,74.51853860318661,83.95531873703003
155.0972344994545,37.74179677516222,44.33536197543144,53.1313817024231
128.52171897403895,7.878947431636698,65.67945642471314,53.90111904144287
276.26573305130006,36.33492629379034,66.42233494520187,24.52214200496673
366.9583727121353,9.96184047292918,64.1678902387619,67.75728158950805
515.2365116834641,7.306982046585654,13.680901143699884,35.13494005203247
183.82066646814343,14.595761396549642,79.5768048286438,32.62371940612793
199.9933576345444,35.31040526330471,42.83809649348259,78.29243478775024
95.3934388808906,25.967727994173764,12.969623357057571,16.29868128299713
498.8819894075394,10.171219440735875,48.69534736275673,46.59385209083557
236.39404499530792,41.4581671923399,11.126844078302383,68.48736591339112
539.8073498725892,28.72346620857716,83.31911132335662,15.250135779380798
275.30902094841,14.93404253385961,62.6507036447525,96.11925525665283
190.21321427822116,31.08762651532889,24.53473573029041,59.93061246871948
279.47509648799894,44.62384798228741,54.55272899270058,41.071068334579465
114.94989251829683,10.77833552705124,26.700817808508877,32.63630428314209
482.2718947887421,28.635296179354192,48.33151426315308,20.647118377685548
493.02949759960177,33.296115608513354,14.382327860593795,72.15572509765624
326.3659586668015,7.863150827728168,43.454398304224014,52.84372625350952
145.65703535079956,43.45886543691158,73.83595152497291,68.91352214813233
289.4800105333328,20.98916787132621,57.50273925065994,58.15668182373047
93.67049537189304,25.624877847731117,73.76433495283126,51.38553886413574
85.26379344388843,37.02637375295162,24.973520681262016,33.38634638786316
143.92225261926652,17.84154113866389,67.46904351711274,55.91778259277344
167.20112771987914,40.35046428740024,74.99317464232445,86.46065702438355
183.31217775344848,22.533385122939944,83.3676743865013,77.85559539794922
77.97725247628986,7.201773819598475,44.55199549496174,90.1841004371643
329.7277278423309,24.356713265180588,17.403953164815903,67.86149139404297
479.5108155727386,19.39672396890819,64.95487082004547,94.48697280883788
166.25067262649537,25.478349395096306,31.0949980288744,79.71498517990112
334.1686114788056,29.96719322800636,68.66057481467723,45.08246574401856
518.2698294401168,25.449259229004383,21.01371427774429,71.0976788520813
463.787227845192,16.970503087341786,70.81839073896408,89.39934053421021
189.22308552265167,48.19250440597534,20.13419470191002,28.297817182540893
145.5217573940754,44.02731011211872,59.13071112930775,23.94164726734161
285.8227567672729,29.16385750100017,15.733653071522712,87.52824935913085
450.4528050661087,24.72289650514722,80.72481142282486,47.193892574310304
544.3349534749984,32.21735399365425,55.73002430796623,25.08334183692932
499.5080269098282,23.081853126734494,23.134072494506835,11.829998755455016
344.6653853416443,25.390336434543133,61.51111723780632,88.13336925506592
101.55090250894428,33.482335947453976,23.152843636274337,82.75792627334594
448.7858983039856,27.708819384872918,61.690384429693225,38.027076721191406
283.0875916481018,38.033466385304926,43.56017270684242,41.7929132938385
305.4633635759354,40.87376834750175,34.64509457349777,25.822324895858763
418.9032615661621,40.50767669081688,16.992187081277372,31.529812002182005
134.86490553617477,18.506565302237867,43.3110471367836,75.87042121887207
391.5570198059082,29.162286599725483,35.2666266232729,83.84625692367554
292.4124775648117,47.89843800663948,56.80241766571999,21.688699889183045
395.07605788707735,18.750448371097445,60.72561395168304,16.76929190158844
152.22338277101517,39.49685311615467,26.61318868100643,83.56990747451782
199.9596207141876,30.58594607114792,61.66163148283958,55.33130950927735
206.41647989749907,13.166356292180716,12.025725664943456,37.16977620124817
390.4713503360748,42.58236176073551,72.27575744986534,77.24907093048095
461.1049269914627,30.793205386400224,28.41362831890583,89.53452320098877
387.3940645933152,28.60399271398783,17.76005417406559,49.53802623748779
277.9975394248962,39.75929024219513,49.92797162234783,43.77205142974854
546.6662284374237,9.745889529146462,43.70641137361527,14.369941210746765
435.813085269928,41.50785296261311,29.90195558667183,85.28803186416626
210.51019492149356,41.80144522786141,65.25553035438061,80.73352060317993
69.55160125158727,44.89604153931141,66.52588557004928,37.41881613731384
472.2032113313674,16.826035386882722,73.63567855358124,20.452503657341005
414.703666305542,27.75644457936287,16.681134732067584,31.703535938262934
68.74299625512212,23.485086903721093,32.40060020983219,62.37023305892944
208.39539308547967,17.81758600436151,66.17759576439857,14.935928750038148
505.6109941959381,41.33962730169296,57.67595173716545,62.10582437515259
511.134596157074,12.723496482800693,15.700464641302824,31.46713900566101
467.89596943855287,5.806702178192154,51.33464730679989,97.10217819213868
493.7387880086899,24.962119902670384,14.05320204347372,82.91272640228271
367.1731516361236,9.13895704956958,16.420018903911114,89.8060474395752
392.1706715345383,38.099391005933285,73.2486229121685,60.33743162155152
310.96869003772736,21.739984806254505,33.17205618321896,48.520869207382205
437.159358382225,28.671199582517147,75.0724677681923,49.43135089874268
365.4140543699265,29.70282774716616,52.57700780630112,71.76715326309204
178.2664254307747,25.29439776316285,17.52478047013283,44.29572734832764
302.86907374858856,30.78068439364433,79.54710465669632,62.94158363342285
429.7216564416885,26.41153464987874,56.7980818271637,16.872224521636962
187.1455801486969,20.41907920613885,45.427693378925326,14.721022176742554
128.6985429048538,15.757785336300731,86.96602684259415,39.57252712249756
286.27856121063235,12.47260302118957,54.90693008899689,35.09891490936279
164.98377647399903,27.215316743403672,10.64846840426326,11.433941352367402
168.21035940647124,6.064334996930938,17.798478186130524,40.20647573471069
439.715007185936,29.05087947398424,47.18194044530392,36.1484616279602
522.6746146917343,20.16859568580985,15.817603312432766,64.21296110153199
121.59597751498222,18.380062556639317,47.29016070663929,86.79275627136231
303.4489827156067,35.13603577762842,83.02367327213287,22.13495211601257
196.20322995185853,20.42320503331721,41.304022735357286,46.51909637451172
494.4644959449768,35.56966666579247,54.410978716611865,37.76352972984314
470.5629675149918,46.79157796800136,74.47027224302292,10.87296974658966
376.9665058135986,7.14915137590724,29.77033469676972,15.89870674610138
348.1658162117004,32.16746564954519,17.99619820713997,44.04163661003113
282.85429825782774,19.336962147057054,18.622184109687804,47.188333654403685
420.9123564720154,7.392007628332522,15.415706478059292,41.4362977027893
530.2187588691711,33.20519828647375,58.920035529136655,42.06558394432068
364.7068478345871,4.875378893120251,55.50239150822163,89.9921724319458
362.3429851770401,42.87865137755871,63.35666447281837,21.17988438606262
510.1109072923661,7.725011858258677,49.01902176141739,22.996286463737487
68.96846608370542,21.972973028197885,32.612096732854845,53.78807392120361
348.2171120882034,6.289256849347112,18.732908976078036,59.24085350036621
236.54319446086885,33.967535650730134,57.39718931019306,84.28431491851806
388.8955953598023,23.075376082211733,59.28740363121032,34.752354860305786
217.34709832668304,36.54752490669489,42.55181966125965,80.18099460601806
460.1298971891403,39.564519330859184,76.8363002538681,48.34390058517456
221.21755409240723,28.001264593005185,37.31767742931843,63.022479152679445
412.5517482042313,34.366975931823255,37.34528966844082,25.185450935363768
263.9550745248795,10.298617795715108,76.487644007802,40.74156045913696
140.31416445970535,5.557603222820944,58.49930911958218,66.03927173614503
221.9226962566376,7.466346386900478,40.10914891660214,37.73824219703674
400.5721760034561,30.681313532590867,36.649613451957705,29.620020627975464
551.6862963914871,23.52531429976225,59.957249802351,22.926033353805543
308.8216238975525,5.571239888834862,46.52400398850441,94.51656455993653
249.32454311847687,6.142370038105128,11.881688326597214,44.46560678482056
141.30318497419358,5.507582749488757,67.92588932812214,50.56700057983399
210.86622586250303,41.27721246778965,18.20050486326217,93.95705671310424
221.83844451904295,40.8261039108038,53.883212205767634,82.64143829345703
561.1966491937637,16.93977629132569,78.22900298833846,44.41906223297119
251.77634065151216,19.36513594277203,50.00847068727016,24.11216247081757
340.2151587247848,25.99330450296402,64.6173648238182,83.19942741394043
266.32372336387635,17.74630516432226,28.9601901948452,27.63519735336304
90.97179535254836,17.85506046079099,29.10881772339344,91.9824161529541
334.95009207725525,19.640701868757606,52.758024513721466,22.805196928977967
273.98441486358644,31.523638336360456,46.02052864730358,45.6667133808136
571.86890873909,42.16614271998405,54.04886009097099,59.59706897735596
367.5790591716767,13.58618859509006,41.56090026497841,14.16969816684723
303.22967004776,26.073542273044588,26.325714868307116,94.64782447814942
520.3182214260102,33.08344846367836,47.915861022472384,86.2370792388916
126.6285507261753,35.926506872475144,18.530998331308364,77.24414825439453
197.7251174211502,43.1816087603569,80.92305503487587,23.6446492433548
295.29851558208463,44.659689450263976,44.87348091304303,85.85264110565186
354.1632302761078,20.7654135350138,30.87727724313736,28.36763620376587
434.3376897573471,21.0938895303756,46.95160896778107,53.40609788894653
333.35627834796907,39.69882585704327,82.2023513019085,46.08464479446411
481.5160742998123,34.87068503499031,50.68746554553509,93.76578226089478
161.32009652853012,9.081085664138664,76.08750015199185,49.26007513999939
490.2034352302552,40.34078484475613,13.950659145414829,87.46310625076293
289.3183917284012,24.76121935024857,55.046115124225615,91.325856590271
72.9348968643695,23.8853132545948,62.73734296560288,74.02012844085694
391.6948962450027,9.96235528846737,31.683542016148568,41.80116758346558
470.93153340816497,15.504616777226328,24.802278023958205,93.92240858078004
68.1278989193961,46.0656947016716,61.20402260422706,83.21663789749145
212.54821310043332,5.0742942419171415,64.58618219196796,83.17020168304444
435.0306753396988,10.1976454062853,63.777802276611325,77.43262338638306
388.87124931812286,35.37333954423666,70.79923314452171,63.98639478683472
107.25896591022612,24.70044448077679,15.768071892857552,46.873198175430296
262.2812667131424,7.780441609025547,35.85863977074623,20.36563487052917
472.1994428396225,42.65402570962906,14.67895848751068,93.73718318939208
317.99782211780547,16.576957189291715,15.289751009643078,54.291345024108885
455.4292726993561,35.25158941447735,14.098230447620152,17.04406843185425
251.748139166832,16.50763052534312,27.07164224386215,35.38130836486816
468.3362187147141,41.87336713373661,38.85814348757267,89.4260705947876
223.1306347370148,23.612103667855266,26.55386745929718,66.45388660430908
544.5814924240112,30.16743386089802,35.50757058262825,66.85183963775634
123.41443668007852,41.59254271388054,47.80880409479141,50.19475994110108
354.71903026103973,29.505831472575665,14.819829760491848,70.07193794250489
185.21967556476596,33.37478642165661,70.81370371282101,80.64823322296142
339.798317527771,25.194089137017727,20.15330419540405,78.16298913955688
195.4654104232788,26.017953357100488,30.949870574474332,22.351984786987305
357.93677535057066,6.723949931784773,64.50215590000153,38.22684607505799
61.85327207762748,25.743722490221263,13.37356478124857,35.315618896484374
414.6316346168518,7.693385152989867,72.37380776405334,11.074931848049165
183.32345769405364,37.02500808238983,33.44218956828117,19.588760828971864
231.731937789917,15.49706692583859,73.80108435750007,38.19253783226013
461.1019889831543,40.284310498833655,40.94024319648743,89.76555967330933
251.3139404773712,44.21189505457878,16.22957643866539,70.50756645202637
308.34646866321566,19.97754580564797,55.77123777866363,71.92025442123413
65.21923038829118,11.44868818614632,65.49645518064499,69.11530542373657
540.9667692422867,34.76315325051546,77.50447773337365,71.58747272491455
211.48020944595336,8.836977498175111,68.36558819711209,66.7137734413147
86.84479142129422,19.324460233002902,86.60959988236428,54.99988431930542
266.8101888418197,22.78017886057496,25.137957632541656,42.78486499786377
241.2654794931412,6.664400088580715,67.81292062699795,46.90754532814026
471.3802008152008,38.714160120487215,25.00053989291191,67.76236495971679
297.3431306838989,40.45233729183674,25.64722476601601,69.69874992370606
365.96341955661774,16.33468172326684,19.68345766067505,67.36657543182373
416.0456051588058,17.122626542486252,56.80754258036613,44.9444501876831
400.0775548219681,13.18244009502232,75.26489173173904,35.85674524307251
244.3881967782974,6.915504627694463,17.985112810134886,55.5781683921814
192.2169173002243,38.98198250085115,10.637100932002069,43.75859065055848
229.0272193193436,5.383995998356386,19.10908622145653,47.00028176307679
305.6101928472519,20.67173755913973,48.68947411775589,62.47922048568726
67.79029362928122,23.623217410594226,87.47412814199924,56.65186319351197
403.226371216774,16.875482662767173,65.34494879245759,77.83335638046265
317.33540506362914,48.19034358561039,20.343354815244677,12.23669421672821
449.05832381248473,39.5905344069004,18.430194072425365,33.75105743408203
71.70499784965068,16.649002318270504,71.55856509506702,56.564073181152345
225.6860072135925,19.4338437538594,9.57118247821927,36.79389305114746
380.4559677124024,47.852767166495326,72.84744127988816,12.79357430934906
498.32641954422,36.23101978302002,66.59146279990674,50.68974828720093
246.4275252342224,16.861676816642284,15.021835412085055,30.5716992855072
184.46884486675265,24.13828023672104,66.7164768576622,52.31067018508911
92.8457789938897,44.31993699967861,82.13604851067066,79.42648248672485
553.8485008239746,27.5396999001503,83.54544270038605,17.351444840431213
242.00938992500303,14.54037139620632,24.29545904695988,22.955536198616027
368.1202298879624,38.60053964406252,52.49889845252037,23.46977117061615
467.1856774330139,29.72891615182161,37.82182382047176,69.20639572143554
183.0431426048279,18.38205818794668,80.33445464372635,35.96472539901733
291.76146059036256,43.97071469724178,62.63666651248932,16.15146396160126
135.05438138246535,4.8893812409183735,58.11816013455391,49.62777366638184
123.22779044955968,47.00411810278892,49.22175918221474,31.75880870819092
295.3693630218506,34.054710428416726,15.218708816170691,34.60344066619873
451.7458611965179,22.78199126534164,49.73650902807712,48.35463280677796
80.53555988911539,11.355632526194675,43.24430477321148,28.9956488609314
88.88091984577477,39.2895117431879,85.28883917033673,80.11868152618408
491.74462549686433,15.20257539600134,80.24562250375747,27.946561098098755
542.2990421772004,44.4880476385355,60.30172334611416,95.92303972244262
344.0328681707382,14.956134361959991,41.76341648101807,62.32098398208618
93.9501816354692,31.85161746889353,87.51076402068138,27.474523401260377
464.1790815353394,40.93148114681244,76.75802146196365,94.1113203048706
317.2669174671173,47.71709846258163,65.77235369682312,24.763253331184387
299.1421783685684,33.56929814517498,27.99336420893669,66.4545820236206
398.3374412298202,11.054213050240651,50.54466277360916,77.7248927116394
299.0327204465866,5.042742967579125,10.147623021900651,41.704713869094846
530.2918976306916,14.62842288389802,56.54599996805191,30.143133401870728
219.6419068098068,41.95205183625221,64.20973175168038,19.02349109649658
276.46190626621245,5.690540123478786,45.13178455829621,68.25710945129394
123.4581321299076,16.04804344698787,39.03282237946987,90.16619863510132
564.6535817623138,6.280377027859413,64.49452760219575,42.75797815322876
261.71008796691893,34.90386374294758,76.41150660514832,93.46182098388672
329.53457028865813,19.9688861656934,67.6178505897522,32.50327520370483
322.664822101593,20.041931047290564,58.064940029382704,31.5902626991272
157.68671803474427,42.65670618116856,17.315958565473558,54.86009759902954
163.05330383777618,6.163333497778058,13.004886031895875,25.924753284454347
489.52060770988464,15.7234423706308,77.89775950312614,61.10645303726197
281.1864745140076,27.71510960459709,47.52903317511082,76.71677169799804
207.03854734897607,18.613632709905502,75.64758195877076,93.081578540802
518.8663369655609,22.233991822972893,65.71248753070832,51.61195478439331
306.9689963579178,13.610618162620812,53.4360585808754,26.88083882331848
224.8940980195999,42.39146558642388,26.465342551469803,16.932333302497863
96.73786667883395,44.347680422663686,48.78532700240612,47.01157460212708
467.6195516109466,38.06508493125439,33.742551028728485,70.91589841842651
452.4054912805557,30.41246841698885,20.57065200805664,86.81566152572631
326.01214118003844,17.07389417309314,41.654463946819305,14.020117783546448
125.91376566439868,36.25269130766392,9.575206752493978,47.3370566368103
302.4910107374191,6.766622644001563,81.55754410028457,30.31937747001648
212.2932008504868,18.05243625305593,28.134043514728543,10.894413876533507
426.25862550735474,43.81005993485451,25.965898129343987,68.28465337753296
410.8882493019104,41.48497304320336,40.77454282939434,36.98565254211426
220.59427120685575,35.60224851369858,70.74263988733291,26.49811186790466
251.3263857126236,41.21445352435112,68.15238091945648,96.43574647903442
438.9016471862793,20.03990076035261,52.42938951551914,68.07894306182861
96.32140545994044,28.36466585472226,64.42281007766724,25.4617470741272
448.9637088537216,29.875555424392225,79.98958332538605,14.405116891860962
196.08761932849885,28.72236159294844,31.787930098176,72.88417654037475
434.557341837883,8.668795201976536,47.108157488703725,54.82394075393677
247.05522966384888,42.78449984490872,70.58412001729012,71.34925708770751
420.108446764946,22.72684513516724,76.01960503458977,70.99600505828857
429.41810727119446,39.15192371606827,29.504703867435456,80.82179231643677
163.5380880713463,18.345599234476687,34.582037302851674,95.91789970397949
482.91559026241305,34.61354852616787,62.037227642536166,59.41666116714477
530.8315763473511,25.355742274969817,37.59571375846863,24.892805957794188
450.7380213975906,36.5958046451211,40.7778670847416,12.918273067474365
489.42384121418,4.888711998394956,59.84494293928147,94.8620774269104
283.0677644729614,13.983249387703836,61.147006896138194,81.78286972045899
328.7728812456131,44.35642475485802,13.35762527063489,54.65505542755127
424.6403760433197,39.24213409721851,22.644313460588457,80.22004270553589
341.41366336345675,20.252624836191536,19.281911912560464,86.00633382797241
142.42485340833665,16.84042115714401,31.03710026144981,85.71685476303101
397.4697848796844,36.65803183913231,27.945868775248528,64.9940803527832
342.31270852088926,41.45443969368935,77.46070111989975,11.815459096431733
378.2639927625656,6.615699287312327,49.95497876405716,35.613835668563844
206.6849812030792,18.690516648069025,56.19684042036533,39.76182789802552
432.7334427833557,20.47630016990006,14.470726066827774,78.80472707748413
196.65213627815243,21.860131564736367,61.32337400317192,39.63063540458679
91.3374529864639,19.720616300031544,83.92593533694745,66.95560884475708
382.7392348527909,29.78934025615454,24.24591839313507,46.99618930816651
415.6692053556442,8.657054328847972,30.133587470650674,34.654364824295044
274.7447173118591,45.06110216975212,14.601587180793285,55.87546310424805
150.7440688699484,45.246922090649605,18.288981339335443,46.20660562515259
410.8052733421326,34.91257863342762,40.71466135978699,40.75420017242432
257.8763661623001,15.22545322701335,25.043473508954047,52.77644138336181
200.2886080503464,16.048681740090252,57.97723336219788,95.02344388961792
370.55437791347504,7.582858191585728,15.04979903101921,93.42840089797974
210.939795088768,8.32282639026089,54.15006974339485,64.93786058425903
393.9415365457535,15.155217189528049,10.4910908292979,94.65282382965088
187.53386144638063,31.90642279535532,62.52334437966347,63.784591865539554
221.8433450460434,15.4234947277233,53.58123632669449,86.07988185882569
542.2304744958877,8.715382623971982,20.713683417439466,92.75164699554443
426.57186794281006,40.342806446552274,24.39801306128502,61.72231769561768
408.916826415062,34.30063661783934,42.81061918735504,12.078353297710418
358.43218927383424,14.609653833694756,42.32102509737015,94.0127055168152
261.40480148792267,38.76893879175186,23.67009798288345,69.23977851867676
538.0201187849045,8.70511918697639,10.061595131829382,48.56267232894898
107.58725058548151,35.44659708887339,81.69479400217533,48.78452153205872
189.7743970632553,23.582619957253332,65.26757323145867,11.550918745994569
335.0713896036148,31.01788510233164,56.63422357439995,31.72502007484436
425.56874735355376,8.169537094655244,24.08503093123436,86.9292197227478
432.7889748811722,5.45604069807132,28.008231189846992,29.25756416320801
197.20500950813292,14.685119509138168,14.389429099857807,51.02801132202149
424.0273966550827,30.809185127913956,59.59805713295937,17.75536105632782
539.6812768697739,37.95399926453829,67.10156639814377,82.11536436080932
520.9066604137421,27.48223370015621,24.089656701684,64.17811498641967
429.1495143651962,36.69465781152248,51.5149319767952,16.6597989320755
245.09680502414705,42.457444083690646,52.800713536143306,57.55854835510254
197.26003506183625,19.30503384657204,76.85454180538655,68.67484054565429
457.9329517126083,23.98370186425745,55.93702133893967,32.236701583862306
414.83951511383054,21.42965273484588,41.927086502313614,67.09176111221313
522.3515393257142,7.318137224612383,69.4897728741169,35.932617378234866
281.1546239852905,5.430638226740302,32.180992579460145,54.39358777999878
89.6281088968739,25.869400736689567,82.81963393688201,19.89086365699768
446.52997424602506,22.10193073377013,57.73268730044365,33.26459293365478
134.3958910882473,11.096494139870629,15.796462251245975,26.863254499435424
393.9441504478455,40.182194942235945,68.35386260151863,70.20607271194459
112.97702370584012,16.289587074145675,33.04627096354962,32.57860908508301
303.8160165309906,25.96285936385393,36.07422070205212,41.44605684280396
481.4609004497528,35.93287875652313,31.831585642695423,90.09874353408811
550.582565331459,18.386610560119152,35.23108190894127,54.14204120635986
531.5654814004898,42.61526024639606,17.04962737560272,44.76698083877564
341.51577665805814,24.44822387471795,23.84173821508885,85.43303680419922
401.6120105266571,38.23820164203644,71.37739592790604,75.6984375
281.6068453550339,29.063875609636305,21.5637028247118,69.3390495300293
150.74846795201302,34.89458757042885,26.926339834928516,20.945089554786684
146.6662001848221,4.604516122998757,64.03216990828514,74.30968532562255
315.1038554668427,11.9456863546744,16.95863067060709,12.423583889007569
141.8113560438156,41.39405007958412,27.813792699575423,41.59738640785217
115.50340151339768,13.57103490177542,48.83182494938374,63.59797735214234
175.64005266427995,6.913969119538615,38.8422281652689,31.04760875701904
171.40830700397493,44.27465026080608,55.61788200438023,59.17978439331055
270.33736715316775,21.643064369633795,49.44476912617684,71.28999242782592
398.8006964445114,11.439182533323764,46.34539811909199,46.40677056312561
492.10109412670135,31.703838035464287,48.97939078211785,20.70090584754944
360.4225346326828,9.97325641233474,34.76342872977257,23.10797049999237
414.0466714859009,12.735394493397326,38.072840669751166,88.55507335662841
163.04428346157073,26.78126534372568,41.54125114679336,12.338526928424836
454.2264713287353,7.262140533629645,44.184042781591415,59.28986024856568
371.8104329109192,34.781729601323605,30.567413020133973,11.620632803440094
426.89518456459047,25.58847832977772,69.57540282011033,82.03550987243652
487.157500743866,23.55035288035869,33.796371552348134,79.43009443283081
290.72541403770447,11.923725600447506,72.00427463650703,87.47815923690796
297.3609182357788,7.5806807757189745,38.176594904065134,80.57057733535767
518.3190068483352,12.563147517014295,14.284530326724052,86.90344858169556
252.9881647348404,28.145939292013644,82.43885724544525,16.528507256507872
390.5092032670975,7.47399705982807,36.990915939211845,80.51146955490113
266.28891518115995,47.76371298730373,51.2849198371172,38.88343744277954
170.48668241500854,19.914748644083737,37.81960779428482,16.71983721256256
246.65401690006257,23.05753420293331,63.0989683419466,67.83049240112305
419.0431337594986,4.834303715765873,25.541572004556656,68.0786735534668
305.8098006010056,4.717305056040823,68.58570571541786,77.80262880325317
332.887961602211,7.219438693788925,65.86426740288735,61.41342821121216
443.7825842857361,36.9410638704896,67.75016304850578,55.607900333404544
133.72903263568878,31.6412127494812,55.97619103491306,75.2902988433838
148.7415338873863,12.446255036257208,77.3101287573576,75.94227018356324
511.77418661117554,34.87163286656141,52.669919177889824,67.41366720199585
503.61113183498384,29.383980157971383,56.190125554800034,24.26134898662567
278.9148799657822,35.71865112781525,29.804373419284826,28.30188536643982
215.75745334625245,14.347222576290369,25.81544124186039,47.72165913581848
510.4590475797653,26.31660050302744,24.995870289206504,17.38978490829468
410.0964968204498,19.667296497151256,68.94120154380798,67.96080207824707
462.8387612342834,16.35305033866316,60.41797694563866,33.5892231464386
524.5254301309585,31.254157769680024,33.33244956433773,34.074533796310426
157.9895129442215,32.78554974347353,26.09755129814148,62.53256235122681
196.1768167495728,31.181158508360387,70.19081349074841,78.38829526901245
445.2751447439194,12.043243501801044,15.99083053767681,71.40630655288696
234.43109440803528,22.000891196727757,12.062788362801076,33.36725292205811
79.58764242324978,41.09697834253311,28.20680859386921,59.23801326751709
82.23886877037584,31.060629193484782,33.30167104005814,87.14447450637817
512.7937439203263,17.24107362963259,73.61580943465233,97.23576107025148
468.4211384057999,38.70529107004404,27.72451171576977,60.7294677734375
94.41338783651592,8.580114819934533,91.33924973607064,39.58769402503968
441.9392987728119,36.64739766269922,70.75646204352378,97.40755519866944
181.61792830228805,6.230177530441506,40.52302543520928,22.00406172275543
74.342788823694,19.33350631520152,71.97902320027352,60.79393062591553
216.4436150312424,33.37215030193329,27.320996901392935,12.014398944377898
441.0573915243149,31.677265298366542,66.31772584319114,14.106622743606568
475.7650857448578,29.10071958005428,50.33902445435524,64.8697226524353
500.7229026556015,27.515042500942947,51.13378766179085,96.77959156036376
423.2998636245728,23.441877549886705,61.21363739669323,44.42823510169983
179.9390643119812,28.42093725204468,78.50853158831596,91.56909008026123
237.6103527784348,25.51703070998192,25.29341512620449,97.42302112579344
548.3374476671219,30.118728148937222,67.09365869164466,72.68205051422119
359.2147594690323,6.6532410692424495,42.94595170021057,69.29548454284668
397.7662574291229,20.65376888848841,78.89644969701767,25.220591592788697
310.0172489643097,32.34461275041103,60.46586260199547,67.12076578140258
199.7573911190033,10.929505621967838,57.1698224902153,62.84216966629028
152.60080218315125,33.11280100941658,43.54979981780052,68.81987943649293
484.36069123744966,11.282002634555102,10.757322822511195,78.35523614883422
368.7116736650467,32.46154089272022,69.93806040883064,80.47294731140137
549.9122888326644,27.332884532958268,44.93388582468033,45.51123390197754
141.1775273799896,27.31508067548275,30.10498029887676,90.3270983695984
347.32678372859954,30.373483885079622,38.538888251781465,15.26216914653778
77.8720954541117,21.437284651771183,15.85300116688013,62.24623022079468
506.1284629583359,43.29912321269512,58.41578048467636,29.20893774032593
494.5786372423172,40.13779457509518,23.84500724375248,74.7204725265503
203.40029175281524,40.15687920451164,85.95132730007171,13.369947004318238
522.553293466568,31.07835813164711,80.38113361597061,50.946457862854
483.2337272167206,7.610077132271999,36.77905024886131,16.524675798416137
552.811419081688,36.938205902278426,70.28984403014184,92.1342324256897
100.37834551930428,20.129791349172592,15.693009617924693,29.168973684310917
174.89071028232576,24.87738754376769,29.880799502134323,19.518711543083192
147.6327808737755,10.524393925629555,83.5962307393551,76.73575859069824
547.5967715978622,21.7112808264792,29.68913268744945,79.99131689071655
222.5515050649643,17.67420357950032,27.072380736470222,21.995933771133423
188.1643455028534,20.12214023023844,60.96863885521888,16.184949254989625
164.69432702362536,38.07927639633417,20.85797247886658,40.84301228523255
482.39639961719513,10.724222758319229,15.715129743516446,52.70090713500976
210.67346873283387,28.96099408790469,70.09821860194207,22.63204109668732
351.14953606128694,24.65447142124176,20.273300924897192,64.97896881103516
198.2757154226303,24.340337538719176,15.889786294102668,51.09111557006836
212.0745193481445,38.366637758910656,13.86930975317955,47.19233965873718
290.272123837471,33.81228284686804,51.68782675564289,68.74789314270019
443.9096962928772,41.99424906671047,32.54274298548698,57.38088579177857
464.11508617401125,48.24459621310234,74.8789385318756,43.17175893783569
159.16522586345673,24.32375442162156,66.38682845234871,53.81038293838501
305.57183322906496,38.48111247718335,36.09468727111816,85.5327073097229
267.2658526182175,17.68058529011905,43.08621550500393,77.04097204208374
118.63955199420452,12.607655034959317,84.84779887199402,26.167744064331053
344.3172395467758,27.667815962433814,45.48711740970612,66.77166547775269
177.74389479160308,26.7382779031992,37.46331619620323,68.29314527511596
128.08613235615195,27.642109394073486,23.578161984682083,34.9872763633728
163.81506830453873,11.962343795783818,73.00057191550732,35.54747724533081
521.5503419876098,46.13477147221565,51.58074706196785,23.160573220252992
245.3937093734741,39.64216513037682,37.287717533111575,18.302134776115416
334.9994453907013,41.55173632204533,68.52945436239243,25.929447412490845
403.9345147848129,13.31473908741027,25.483024749159814,86.68528442382812
188.4068029284477,14.973947448469698,9.410245935805142,85.37514114379883
455.1645182132721,31.57304030954838,64.87055301070214,23.881600522994997
287.89269218444826,18.67635481655598,16.627791266143323,53.0430760383606
527.0101989030838,6.612471962393192,31.235027050971983,28.849474334716795
180.27302211523056,42.35376479923725,44.841937330365184,51.66507863998413
428.99711134433744,10.75642908080481,45.4090325564146,48.04695439338684
346.3413269758224,45.88647126555443,66.62170740962029,45.50871214866638
477.6159618616104,12.14050329104066,12.440102404356002,28.431914377212525
236.12867488861085,24.85604478791356,54.656929874420165,89.96074504852295
311.788578081131,26.405979331582785,14.223273693025112,13.79157633781433
332.07351410388947,23.43244075328112,71.73753343820572,24.67140781879425
74.72927280608565,24.209546530246733,29.48342693448067,15.06915831565857
405.6755419254303,9.143303217668835,54.55715205073356,35.27300591468811
146.23428872823715,19.82499165311456,71.59015340507031,44.86779427528381
439.2332954406738,10.267137554381042,66.43114050626755,31.236291360855105
384.3052561044693,28.813982728868723,77.78536151647567,44.28025732040405
96.2940366394818,5.413588394176986,75.64625106751919,57.07636117935181
446.1443283081055,14.965543537214398,37.66047729253769,13.34281747341156
513.1112857103348,31.10345498919487,76.50921109318733,33.699142360687254
370.962064242363,31.578364849090576,32.76325894594193,84.45164518356323
506.874498462677,40.241467621922496,62.77887427210808,34.74267807006836
204.46892812252045,44.2294797539711,10.246948393434286,73.03046445846557
397.446820640564,31.55784596055746,82.60794308185578,38.0022433757782
221.80721530914303,7.832151589482692,42.878073474764825,33.60816931724548
231.6429480791092,41.1503153949976,79.51342971920967,26.85407395362854
244.512627863884,45.72256477475166,15.099224711209535,18.766750717163085
144.40737470388413,27.94886384829879,20.48226206302643,93.16111221313476
280.51729753017423,24.6500285603106,28.072866001725195,51.71744613647461
389.2209196805954,34.778386710584165,64.20335046052932,60.88439140319824
509.8250636339188,40.19337411522865,69.57883520126343,15.53998646736145
65.81359685361386,13.42310850713402,62.45567280650139,47.16673049926758
266.2271479606628,40.49292739033699,74.74284212589264,89.8173402786255
205.83242406845093,34.65890823602676,29.940200558304788,27.29513711929321
157.09895817041397,18.25675152018666,41.57462763786316,83.02082624435425
117.53622834607958,34.55321667343378,49.412486815452574,35.778648710250856
299.1890366077423,16.571348409540953,53.717588967084886,48.444293928146365
147.50006281137468,9.262316415226088,50.12640806138516,89.21905336380004
237.843643450737,34.082455705106256,57.682838287949565,91.7863353729248
477.3457732915878,26.74933834001422,56.61932945251465,88.72311868667603
265.02286500930785,17.623462438955904,10.262144992500543,82.6514500617981
472.65124361515046,8.739136365574723,51.78002265393734,50.8871973991394
120.83135815858842,48.38912637531757,27.228521382808687,16.594761061668397
359.4033200740814,34.31585299819708,11.867552315443756,67.99165906906128
324.5889145612717,8.749456276232376,22.466719272732732,60.114521217346194
214.34240400791168,42.87976036965847,69.49938637018204,96.3316738128662
186.21123175621037,44.83885605633259,41.94722401201725,40.98344120979309
87.89609636813402,6.830638910223206,64.64202817678452,51.24125461578369
175.42655317783357,29.389394941926003,28.650110948085786,61.000413227081296
237.9854352235794,38.25455428361893,71.33927135169506,52.25147762298584
226.38987979888915,19.04449898563325,70.5615279942751,39.23051619529724
165.8113960504532,8.053143795966026,44.76850467026234,52.6663369178772
485.3112428188324,13.280019862391054,37.16959374845028,80.89585056304932
450.17606089115145,21.01437022164464,43.29252825081348,36.99545097351074
525.5282255411148,9.226300570368767,76.3692020893097,69.95554609298706
316.7025216817856,5.848142314173674,44.87927587926388,46.11052584648132
142.66567608714104,31.176353639364244,84.05169859826565,59.62729110717773
416.2116477251053,7.850712172715066,40.62228048443794,20.78706970214844
361.84417684078215,45.97973566651344,58.990327298641205,17.402095770835878
242.5083420753479,26.54195443913341,39.38576133549213,83.25216007232666
472.1492372751236,30.846794833242893,37.12140249907971,32.84354829788208
116.31188786029816,18.80485318340361,40.65430665910244,69.51709642410279
389.1585507154465,7.899604344461386,38.8889855235815,26.461918449401857
140.27114072442055,38.94581741392612,12.829369244724512,47.5708468914032
138.95548796653748,43.30583966374397,51.2704901367426,30.84205136299133
292.5406236886978,36.38870846480131,80.33314906358719,29.86582465171814
499.9146688222885,42.41798634827137,75.30039626955985,65.7760853767395
371.1436259269714,20.55512325204909,64.32937521338462,56.84484596252442
404.5490159273148,21.398082988709213,62.25541151165962,82.32530660629273
137.73757808208467,38.48076291382313,49.57616050243378,84.21748390197754
261.92786407470703,20.94673829637468,77.85202457308769,32.53754205703736
460.7568562984467,25.199995443224907,47.25165177285671,37.43878574371338
330.3925891637802,18.612113910913468,12.437638366222382,34.354056406021115
65.17608490269632,45.96421105861664,87.84746070802211,45.724442052841184
429.4168730974197,18.15170563012361,57.84865691959858,80.64457244873047
528.2898389339447,21.25460980981588,66.52248144745826,33.72503085136414
552.7556444883346,5.477084901511534,53.001610067486766,67.76675672531128
404.5200533866882,10.08033116981387,78.63206611871719,26.41123232841492
369.6741921901703,13.482174722850322,32.195765340328215,58.19941205978394
265.09534389972686,11.091763357864693,22.423412692546844,47.11854677200317
424.4525282621384,43.75251833498478,15.68998248130083,44.7918372631073
113.1200831733644,5.212340283621051,60.49814426004887,63.05416984558106
142.9819711446762,13.658418607339264,11.021251644194129,80.64374809265136
554.0803994178772,9.86074608443305,26.27535685002804,86.08133535385132
521.108166718483,22.69154900833964,14.148143142461777,14.146983098983764
346.59295842647555,20.20669820047915,11.612196995317936,61.44833908081055
64.50845786705614,39.787545658648014,33.27846494913101,14.34794762134552
351.0894701004028,20.358398793637758,80.97828640937806,57.994224071502686
203.55100185871123,33.169197243452075,29.831413900852205,89.43247404098511
245.5213379383087,26.739843491464853,13.370345425605771,47.84156775474548
479.8435518503189,39.53918831050396,26.19602298438549,30.31532163619995
458.12450740337374,42.46565527319908,16.577725802361964,50.03968334197998
217.46285755634307,42.86152152121067,15.85780622959137,29.088300657272335
420.3178379535675,6.512898407263856,45.36978933811188,48.68000154495239
226.84854633808132,21.634225837886333,49.22271896004677,24.74275212287903
306.07,24.53,46.53,54.23
