1.4644793754443526,112.10453020334243,1388.2796436309814,0.9626203522086144
0.8180658623576165,29.687530727684496,262.4704412937164,1.3136838391423225
2.134832791145891,86.33332083821297,210.3980897307396,1.4645400941371918
2.795365781150758,33.3758809119463,439.170641708374,0.401113398745656
1.2362440283875913,64.02410557568074,879.8237586975098,0.5398938827216625
2.1324836056213825,26.14402363449335,617.4316917419434,0.6403731167316437
1.6838475264143198,92.1255616247654,462.9691763877869,0.8378904946148396
2.0926877619698643,16.998174965381622,1185.5403367996216,0.3864012446254491
0.5577079348498956,112.09876420497896,1767.7468746185302,1.2456735044717788
1.2522201016079637,22.09571455419064,1303.7381555557251,0.7445995092391968
0.7228260066593066,62.60359542220831,229.5303273677826,1.3782766059041025
1.1045247934758664,78.14305980354547,657.0702603340148,0.8407518900930882
1.970191407809034,30.93733748048544,1778.7780380249023,1.20088791847229
3.1278950497042386,104.85984930843117,1162.1233150482178,1.3917946353554729
0.6241216460475698,34.082724298536775,245.3972502231598,0.5924164347350598
1.501785541512072,39.47140311747789,1545.1685800552368,0.6346474654972554
1.1752137292642146,66.4093189895153,378.3624777793884,1.221259243786335
0.5824255395913497,115.8448569253087,1447.705114364624,0.4238791204988956
0.3820782987691927,96.4652274221182,1346.1608898162842,1.1371630311012269
2.5889112275559456,19.510953699052333,748.8121448516846,0.3100963871926069
2.8594443740323188,73.96562718749047,698.4053673744202,0.2422973096370697
1.27435740432702,44.75755462348461,1383.3353266716003,1.012255796790123
2.9549402630887927,59.03854097127915,348.56002435684206,1.1038564875721932
2.608463164512068,69.02261621206999,1455.4274070739746,0.8209067679941654
1.9022389087826013,55.805401410162446,217.5966125369072,0.3056900177150964
0.450107953499537,75.3498712271452,662.4294137001037,0.8253626391291619
2.976346797915176,36.4004443705082,837.1007857322693,1.147238963842392
1.0233558822888882,19.984198647737504,613.2269912719727,0.3709525607526302
3.1022351453546437,95.27913793325423,1222.9796043395995,1.3254149973392486
2.7345918516162784,31.070899352431297,1651.1124940872191,0.8813996359705925
2.6955998382531106,103.55233818292618,672.2889699935913,0.3025759052485227
1.0316197315696627,54.91722698807716,1527.3750643730164,1.312679372727871
0.3797072530942387,62.53313438296318,855.8587971687317,0.448879886418581
0.7180077315075323,46.23688711374998,1732.0489948272705,0.5916883260011673
1.8428750347811729,82.14108024537563,753.6385210037231,1.4340329125523568
3.169603225030005,37.01474096029997,992.763683795929,0.5543622568249702
1.1934985302388668,16.03447978794575,1187.5827476501463,0.8276707023382187
0.5175094350473955,40.34965157061815,1676.0138065338135,0.4802469849586487
0.7938152150716633,61.71029526889324,1803.7151432037356,0.4848152704536915
2.315243462147192,89.4282058134675,517.726935005188,1.123384675383568
1.4385004265233874,76.18247008472682,1225.8775663375854,0.8740514069795609
0.6192307245684787,96.84097872972488,677.9882802009582,0.4020061545073986
0.4845620037565822,71.96540667712688,1300.0860134124755,0.1847815131768584
1.85955707738176,34.90062470883131,1246.260167312622,0.3920290555804968
2.4014014105778188,51.20511822551489,1723.0545083999634,0.3448608428239822
1.3642895023338495,23.82089615613222,1693.7218048095704,1.3350381225347518
1.118886878574267,79.35624521225691,1524.24182472229,0.8999270558357239
1.898593384725973,36.304269336164,311.2635358333588,1.350274521112442
2.965967967454344,74.89500524550677,712.4061375617981,0.6140786312520504
2.500665557710454,105.85468924343586,1638.3089374542235,1.2041609808802605
2.223449357366189,21.935439947247502,407.7647512435913,1.3494465053081512
2.1231343288440256,14.112317231297492,323.3999017715454,1.0375475645065309
0.3764984607158112,28.116594783961773,1079.2721724510193,1.0753788217902185
2.2754516085144134,34.74059952199459,1355.636841583252,0.4758684255182743
1.31463138544932,88.5043787971139,1250.4734367370606,1.2959723353385926
2.279525129823014,69.53841832280159,312.937095451355,0.6451926581561566
1.1449513563420624,36.89704294204712,1784.2906246185305,0.6859345376491547
2.9918775074649604,76.22041451334954,1487.4470710754397,0.8288182362914085
2.035376573167741,60.97010305374861,457.1926198005676,1.1156776890158653
1.174698799988255,14.700913907587529,1235.9370718955993,0.3924914222210646
3.1512394312303518,112.60380227416752,1683.515351486206,0.6544865846633912
0.4044837135705165,107.30401425808668,869.6577740669251,1.4357018068432807
3.167584941256792,99.08962926268578,621.9671608924866,0.6639876611530781
2.8447554617188877,43.52802872210741,419.723640537262,0.8941326022148133
3.118921734765172,82.92372081577778,1120.540062904358,0.2899063911288976
2.149527925625444,115.41794086396696,378.8410444259644,0.8442277953028678
2.952660993067548,88.07798084765673,1330.129822921753,1.1003890484571457
1.4138659311458468,41.58460526019335,1511.625582695007,1.241520468890667
2.903572137048468,106.73727215379476,1019.2109852790832,0.8247160717844964
2.7152939165011047,78.22198928296567,1339.4666164398193,1.226369507610798
2.931703217606992,45.22232734262944,781.6044224739074,0.2810178827494383
2.0252357287332416,15.751368421316148,938.103395652771,0.8710103765130043
1.2075955128762872,73.15925794392824,224.91694309711457,0.2124686682596802
2.7634766259230674,47.850354845821855,359.5873717308044,0.849196008592844
2.622239612834528,33.827292415499684,1209.9190446853638,0.2744910717010498
0.5128671444006614,65.19671091884375,1067.5018492698669,1.0053098440170287
2.4859403206035493,114.00585688501596,1028.25465927124,0.5875281251966953
2.6628146302420648,38.75737371444702,893.9904755592346,0.2620199721306562
0.4393787588807754,113.15870051681996,1552.4982051849363,1.0893269792199134
1.54813199872151,29.567460326850416,401.9534309387207,0.4885415740311146
1.971698899101466,85.18625153750182,1269.966702461243,0.5329072803258896
3.1700983164366336,87.29495620578527,1091.967664337158,0.9733295902609824
1.561403713421896,36.4005533143878,741.3682241439819,1.1522817075252534
0.407535759411985,25.59898521602154,246.5078628063202,0.2161654278635978
2.8565829385537653,83.18690552860498,954.8708280563354,0.288743107765913
1.7872845487669111,59.11107329279184,425.6357654571533,0.7309476926922798
1.5294823047704995,74.53068115115165,1229.798168373108,0.2223723977804184
1.44744966882281,74.98305103331805,1002.9728232383728,1.2964034333825112
2.2826773301698267,30.350055761635303,279.7028925418854,1.0116241157054902
0.4446053686551749,71.76511538773775,1729.7607948303223,0.9309367045760156
1.481133212056011,76.55860340595245,924.673547744751,0.8775046423077584
3.157700358796865,51.12676517814398,1763.3740745544433,1.3775822028517724
0.9323017957620324,20.507226273417476,323.8731832027435,0.1855274533852934
0.6387414136901498,82.40021867007017,281.34125385284426,0.5814968816936016
2.8634583841077985,14.83259474784136,1523.650213623047,0.536974411457777
0.7091146897058934,82.98897356688977,1216.5450323104858,1.332808394730091
2.496326210955158,93.87786111086606,596.0010305404663,0.3921218939125538
2.5859229160938413,96.17411359101534,1809.379863357544,0.7130755759775639
1.4238821013830605,89.92137439697981,710.9397902488708,1.3810618937015533
2.8960721937473863,55.13198432773352,1419.2366005897522,1.170772881805897
0.6617722277296707,105.22101705670356,1005.5636864662172,1.257877317070961
1.2817394621670246,103.8205224826932,807.1596513748169,0.1745917774736881
2.984688880480826,21.23397704511881,669.8025631904602,1.4109623104333875
3.162213783804327,69.83455714285374,1221.1909415245057,0.7558987528085709
1.2194361240603029,44.98326245993376,1288.5482166290285,1.1641997009515763
2.677448177011684,93.85123763084412,309.4906088352203,0.8138201981782913
0.5252687619999051,66.50869120657444,893.1652352333069,1.329640345275402
1.377694743918255,25.252302907407284,381.58191576004026,1.1666637510061264
2.16047487789765,23.81288043707609,298.8986216068268,1.0887420997023582
0.5798075074329972,97.475932893157,1347.4834815979004,0.2706690810620785
0.603350225626491,113.89539455771448,778.6518286705017,0.6431686922907829
2.770841948920861,112.05064926892518,1800.9434867858886,1.1722493320703506
1.466194285126403,20.778870421648023,1458.8872787475586,0.9060260146856308
1.5948681556154043,106.33352918028832,337.7074574947357,0.8107024177908897
0.3979414185858331,59.3482875213027,260.88551034927366,0.3182228479534387
0.7110181357478723,78.40363138020038,1414.702353668213,0.9418851360678672
3.167286763712764,49.13355302810669,600.3676474571228,1.3078170374035836
1.0248488197568804,115.9220313385129,198.4881465435028,1.4662843599915505
0.4885380151565187,104.09807104170322,1044.6091094970702,1.4831044673919678
0.5840350531274453,68.4420600309968,1777.9408222198483,0.8612659305334092
2.181590700428933,82.1031742066145,918.5612782478332,0.9867525294423104
2.076323808962479,107.62828195989132,245.4507870197296,0.5336321294307709
3.13439549501054,103.46031480282544,919.7227682113648,0.97789563536644
1.1589470096863803,30.660173876583578,934.892845249176,0.6215535052120685
2.083597986679524,20.339742724597453,1771.4862148284913,1.4865829646587372
2.3761372809298336,64.85958806276321,650.9361590385437,1.2307379826903344
2.3819499988574533,28.742406238615512,1682.626389312744,1.2652432754635812
3.1626837415155022,86.18673328012228,1190.9278829574585,0.7161636769771575
3.120865191146732,103.6946173414588,245.41459164619445,0.1974917052313685
1.4744001728482543,96.63049394786358,1804.2339290618895,0.3626693807542324
2.1126282201614237,50.59743597656488,1776.1135221481322,1.2914409384131431
2.786514075146988,58.12960594594479,850.9222262382507,0.5155760273337364
0.5294257802888751,101.85359396487476,1515.321189880371,1.4967297583818435
3.316501081036404,68.28659740239382,1450.668419933319,1.4289775297045708
2.8243262063711883,36.46040434241295,913.1333170890808,0.327946013957262
3.153352664131672,72.70178877562284,504.9587358474731,1.048038324713707
2.1580975258722903,47.66515085399151,340.647854423523,1.0484626561403274
1.875426128739491,90.89133966863156,1032.9038100242617,1.294290718436241
1.9837147742975505,68.97684238106012,1624.2365604400634,0.6983809873461724
0.7568086011335253,15.307011513411998,1422.2662183761597,0.988337914645672
2.4149094045162203,33.48698533922434,374.37173013687135,0.1805553507059812
1.3662336172536016,70.7298017859459,810.9540307998657,0.730634943395853
2.9971677063498645,46.52311318963766,1019.5956639289856,1.1962135881185532
1.525055945804343,75.31900995522737,1599.2795524597168,1.431667660176754
0.7898915465222671,108.12633818387984,986.583756828308,0.5005041241645813
1.6961924476549028,114.21414455920458,987.0393705368042,0.5938447415828705
2.2115595060866324,36.42235262393952,288.455637550354,0.3305577866733074
0.7331253963522613,27.44696827977896,376.49761352539065,1.006383854150772
0.8981930033303798,46.92292823940515,1657.219305229187,0.7923007346689701
2.306320687383413,29.496775338053705,454.695310974121,0.2147888880223036
0.8529714640462771,39.85049184113741,432.18818912506106,0.277025842666626
0.7125766107812523,57.80374694019556,473.4290855407715,0.6395595908164978
1.837838808633387,83.75922815203667,236.2485951662064,1.2291423067450524
2.2002462201751767,20.5652028426528,1609.6341968536376,1.3894169345498084
0.5430963308317587,39.91864447891712,1505.8418926239017,1.1589116960763932
0.88801706682425,32.65637430846691,769.5679793357849,0.7914767459034919
2.144092248706147,48.38770135194064,930.6010061264038,1.1442373484373092
0.4715428082155995,37.448053780198094,1353.685429573059,1.3568036243319512
1.8490674682892856,65.5365438207984,331.882027387619,0.750434485822916
1.9096446611452849,36.43595217466354,567.6043362617493,0.6572690285742283
0.4211383306770585,44.11518940925598,481.5759740829468,0.5912399366497993
0.7133603913709521,104.39729790985584,1155.6774866104126,1.0652545034885406
2.669624871388078,62.02754813283682,303.3893871307373,0.8705434963107109
2.055836179247126,87.47211791872978,881.4080373764039,0.3265276841819286
1.191176600754261,48.3747046366334,1244.9203811645507,0.9195921957492827
1.404499015584588,115.6668561667204,1177.7196990966795,0.4754687413573265
0.6587733056396246,27.63056104332209,532.3094109535217,0.3716330546885729
0.901449503772892,40.34204419851303,423.9922624588013,1.3470605090260506
0.5889626351417974,63.74101667255163,838.7509298324585,1.4520906239748002
0.6959536305395886,52.2893607750535,1776.8509611129762,1.324324221909046
2.742345497664064,37.7258833065629,421.1957962989807,1.042896729707718
3.0921309222932907,67.97908954024315,1121.1417667388916,0.5303772188723087
2.584561442118138,30.62095105201006,680.7898338317871,0.7154235869646073
1.8351981253828853,36.28689616322517,342.46697936058047,0.9671478495001792
1.1985875143203883,70.56859752982855,398.62718667984007,0.7937204010784626
1.8928134724963457,17.362361711263656,708.4345199584961,0.3343531608581543
0.540828300290741,113.80598343759776,676.7991729736328,1.2230308011174202
1.1138179635163397,81.95401105135679,1436.9934158325195,0.959186804294586
1.7092859658878297,52.38807612210512,726.2528822898864,1.3791118890047074
2.7871667916886507,112.6552852243185,355.808024597168,1.1275246039032936
3.115841467212886,32.2777123555541,273.8398473262787,1.1437816366553306
2.027052581543103,98.66830405592918,377.1988339424133,1.2123943462967872
0.9455245965626092,28.557924246788023,411.9218994140625,1.2375283494591711
2.2664875162765385,63.390476977825166,744.0554642677307,1.3089664697647094
1.4944105753675103,95.25056078732014,893.1848294258118,0.654285053908825
1.7199455827940255,42.46445233672857,1414.4199898719787,0.8316355668008327
1.026539000030607,103.96673666089774,794.4988376617432,0.8711059093475342
3.010365402325988,75.29525519907475,344.2794929504395,1.4063062146306038
2.1832357557490467,45.2864152237773,376.42150459289553,1.2107166543602943
2.185661000618711,66.00939764231444,1652.7858898162842,1.2165024250745773
0.802155816485174,43.057468856871125,533.631454372406,1.1450421899557113
0.4645726791000925,69.88172075897455,1441.8020520210266,1.3380081459879876
1.3543457355350257,96.7474378079176,335.9497854709625,1.2823634192347526
0.7371195696759969,51.94668147265911,1493.4400500297547,0.3595619488507509
1.037079554097727,86.15657349079848,1369.6820110321046,1.0186223819851876
2.382397958217189,66.10494401752949,539.3237708091735,0.6149763748049736
0.8938532076776028,106.4885705858469,1139.3498586654664,0.6924890771508216
1.7019022478256374,110.41888975799084,397.3279987335205,0.9341193452477456
1.8537955407518891,75.6911788791418,206.9645323395729,1.333083552122116
3.1117036243434995,69.06275873780251,1328.8211685180663,1.3950466707348823
2.425900637637824,27.412544541060925,1129.8111055374145,0.9649152502417564
1.6103318392299115,88.00079562067985,1719.140620422363,1.4030583545565605
1.6935410757549108,23.9333394870162,1787.7059261322022,1.2887118190526965
0.7308012585621327,108.57434922605754,1610.0399280548097,0.8525917813181877
2.092168083973229,52.28608788698912,258.5456245660782,0.6043616637587548
2.683370719756931,12.71381179690361,700.3077270507813,0.679606244713068
1.9007833504583689,106.11190788298843,726.1230057716369,0.6105743438005448
2.510243444517255,56.93617305159569,499.5783980369568,0.7561851985752582
0.7674463878618554,29.58015583306551,994.5840914726256,0.7096121795475483
3.0445681691169737,48.18428420573473,1134.571401309967,0.9992009297013282
0.3994805456139147,78.94126351177692,430.2188438415527,1.4328656628727914
0.7941532809287309,53.34121722728014,300.39691014289855,1.4846743270754814
1.8240490947850048,72.62772630751132,274.9476593971252,1.1560709834098817
0.9720686494372786,104.61419177353382,472.6676076889038,0.4106926470994949
0.4697717681934591,59.13644171804189,1110.6210432052612,0.2479904104024171
2.623432848509401,57.08301830589771,1039.7939475059509,0.7417184486985207
1.5251825267914685,68.35634586662054,400.87328243255615,0.3989414393901825
2.8559879422187806,109.35590476840734,777.6570967674255,0.5121527552604676
2.262597064860165,53.81000373214484,217.5130286574364,0.3695671498775482
2.478121980559081,80.75216622948646,220.02830011844637,0.4569089725613594
1.0480090788565577,82.55447923094034,209.414017868042,0.3013514053076506
2.7136125137098133,30.132580590248107,1258.5606845855714,0.4765411868691444
0.6559021458262577,36.6103391751647,1371.8059557914737,1.3061471372842788
2.804700427455828,51.86814633756876,1282.5545714378356,0.4325719237327575
1.231664840783924,108.353905788064,199.73605499267575,0.2769662003964185
0.9643255567178132,15.919288663566112,436.7866393089295,0.929278801381588
1.5972367206122726,105.2112423285842,1523.5758182525635,0.6146252617239952
1.1169039827305824,49.9036966919899,1151.4693211555482,0.513945671916008
2.178520038630813,52.8371739089489,1087.428945350647,0.7365942612290383
1.2241494712419807,111.4036922559142,1433.7135780334472,0.3464891329407692
2.930497485259548,61.1545257344842,1654.761808013916,1.231793260574341
1.5965750051662326,15.465111082792282,564.2093183517457,0.8756356731057167
2.2004160308279097,37.74773959368467,376.8036898612976,1.2654464945197106
3.247294082911685,64.65233313143253,424.2205013275146,0.5178260616958141
0.4162410233053378,107.14443222284316,347.0292602539063,0.922343708574772
1.1627091942820698,67.75756371468306,1251.892564201355,1.26769809871912
0.9584241561125963,14.252722819149492,372.35711460113527,1.3508316174149513
2.9270456183236093,72.21800471842289,1167.5285393714903,1.044781543314457
0.8654703280190006,105.85248426645994,855.4326230049134,0.6610895007848739
1.8644372704438863,18.05076043307781,414.72644605636594,1.1352569133043289
0.6026582482270897,72.47425051480532,529.9501251220703,0.6725676722824574
1.2085030980873852,47.79152415543795,1366.0599769592286,0.5553718037903309
2.013056126190349,59.50693400800228,1270.466812133789,1.4100558891892434
2.5244017227552837,36.14977762252092,225.6140396595001,0.5099727578461171
2.078102582274005,17.290302421152592,989.6531171798706,0.9447530701756476
1.3349847699981183,91.56448071599009,331.71377143859866,0.2598313841968774
2.4984854904469103,61.73765219599009,1314.766803741455,0.73822281062603
1.084195572556928,96.73866625577212,1493.474503326416,1.0864054545760156
1.1389161079656334,70.58721911162138,754.8261012077331,0.2778589800000191
3.084541472420097,26.240631631016733,1733.1621952056885,0.7564393669366837
0.9077023326419292,66.85166391879321,1618.0106719970704,1.1396818324923514
2.738608065713197,79.12574453353882,1322.8874877929688,1.2979785531759265
1.0847214804030956,60.509334386885165,493.39036655426025,1.4693353772163391
3.142182028200477,16.305856746435165,1337.924880027771,1.3960477992892266
0.8968289305921644,69.91928109079599,1688.9092601776124,0.2081674728542566
2.416484810318798,42.12811698317528,1700.51096572876,1.462978795170784
3.1560584600549197,59.68561181724071,1602.14551115036,1.291558474302292
1.2999653414357453,99.63914381861689,233.2898571014404,0.9566172286868097
1.0308920410461724,25.871046091616154,288.6982135295868,1.0830160662531854
1.3539378049317747,87.14974931329489,273.0775099754334,0.5769495114684104
1.9107908605597916,91.88366283774376,671.7263211250305,0.980001799762249
2.9540487710852177,73.88032329082489,512.5301911354065,0.1933293776586651
2.926499804155901,14.570543757081031,1613.0957946777344,0.8637975201010704
3.15656206314452,95.31035138815642,1821.710905456543,0.630225633084774
2.587530536949634,51.75961838960647,961.5660912513732,0.9868030741810798
2.934074414614588,115.46824931055308,1440.59965133667,0.7147143587470055
1.5852518581785262,86.99158150553703,520.5056623458862,0.3055324535816908
1.3847543426323683,40.62239432036877,626.4285032272339,0.4650434173643589
0.4915820047375746,14.363580855727196,1794.5064033508302,0.733478007465601
1.4741696639452129,80.45277016311884,488.4332120895386,1.418797542154789
2.6203223776537925,20.86023704111576,848.5072141647339,1.3110058590769769
3.1418778650462627,58.70306408852339,1190.887462902069,0.3815733276307583
3.3038834766019134,35.6121979907155,1733.9337341308594,1.0311986938118936
2.129172244854272,63.04216878861189,509.7662181854248,0.3921424489468336
1.0084979575593025,30.93640652000904,1463.1903720855712,0.6254969283938407
0.5349429632304237,114.04489596188068,1631.9712146759034,1.4030263885855674
3.2360207952558997,29.103638419508933,812.0171462059021,1.1515387311577796
2.412997015984729,27.85240633934736,1525.4188346862793,0.4598734647035599
1.0136061952915043,65.80916637331248,1153.7584049224854,0.929571045935154
0.6283352572470904,102.55463872551918,560.0447695732116,0.3305511742830276
2.986730202939361,112.42523596435784,1595.452108001709,1.2431463539600371
2.2728429530747234,67.69343719780446,303.5754928588867,0.6993545152246952
1.455503150820732,38.306689743697646,1374.449860572815,0.8219289146363735
0.6020744127919897,34.343325425684455,1309.987287902832,0.2629131533205509
2.838785526622087,61.142061702907085,963.5801936149596,0.940820237994194
2.7866994408890604,46.92900802791119,1297.5550827980042,0.9137154057621956
1.1444085012190044,103.44912236332894,1489.6812755584715,1.0377502873539926
2.8744855426251887,102.3103737846017,1348.0068424224853,1.283231495320797
2.40594720733352,81.19231206029653,1199.6633525848388,1.1646178722381593
0.8308977797394619,104.17925890684128,1613.4045455932617,0.2016577072441578
2.746321016177535,24.863228088617326,701.2125754356384,1.1352800279855728
0.8354995261877776,96.78188921809196,1548.2887001037598,0.8364137321710586
0.381826680523227,40.72931470870972,1194.6454538345338,1.4680698066949844
2.2102055775001643,38.16638487130403,1226.6751640319824,0.8785840809345246
2.657844318356365,23.08513317406177,1430.6857151031495,0.8823076039552689
3.193865806655958,46.18381550908089,1220.905453300476,1.40347750633955
0.6665869313990698,110.5304092630744,1315.712251663208,0.2526847556233406
1.2390058342833072,85.15872493088246,275.43292288780214,0.931842502951622
1.375258382409811,75.91414937674999,245.59844398498532,1.3247653141617777
3.233769243396819,113.7013070076704,1410.2135524749756,0.3331344470381737
2.606230663973838,15.066948215663434,212.7823888897896,0.5928592883050442
1.795267947856337,91.3807787194848,1308.0614166259766,0.7550837934017182
1.1495463263243435,115.30135867297648,868.1303133010864,0.751805254817009
0.84545372298453,94.32836841493844,1327.1965923309326,0.4551059067249298
0.60605211739894,81.45161231011153,1260.7524662017822,0.5238610744476319
3.1027685740496964,26.825543719530103,873.4685320854187,1.3957791849970818
1.5657107492443174,75.84920683056116,820.8350461006164,0.516429927945137
3.2781610826496035,53.32514581382274,1654.1922826766968,0.4666951566934585
0.9788415183778852,15.370354345440864,1245.2200419425965,0.6448017559945584
2.9288011255674062,59.9813902169466,1774.8674423217774,0.4092979621142149
2.935249202232808,92.39558585584165,1453.3046287536622,1.296333935856819
2.584522598190233,75.71010626256466,367.0751114845276,0.204024526849389
3.0790611593052746,74.6907325103879,1490.5157764434814,0.8006479516625404
0.706317285518162,24.82828462123871,1305.9320890426636,0.7314849838614463
0.9473669974599034,61.51587897390127,271.28621606826783,0.9319398194551468
1.1342192566022278,92.76144882142545,654.806293964386,0.7551968850195407
0.3920988906407728,19.29049706608057,808.3172016143799,0.7856963180005551
2.1190222264733167,41.40786750167608,1326.5696740150452,1.3107619240880013
2.6222813692409543,16.149303233623506,965.6209245681764,0.2968961477279663
1.064829826494679,115.02055373489856,382.2719660758973,0.8182674497365952
2.169211300229654,83.63031757324934,1103.8746587753296,0.1753252491354942
1.3122259623371064,64.11060564368964,304.8629193305969,0.6225986070930958
0.454426230432,19.911240415275092,817.7992239952088,0.3316554445773363
2.0247303277719766,82.56562821567059,1497.1898441314695,0.4262300781905651
0.851765324245207,22.738602128624915,1229.694764137268,1.1011455669999122
0.4571575500187464,111.42009335011244,254.36117498874663,0.8802734196186066
2.450827123457566,102.77081362605097,1357.578769683838,1.235820695757866
1.34895248580724,96.82237260639668,292.9720934391022,1.3492321729660035
1.9435271959286184,95.2920337036252,914.1212473869324,1.0086457550525665
1.8966838693711907,87.7936962172389,296.4405794143677,0.2408461943268776
1.0923625852912664,28.47870977967977,1618.58357963562,0.4538416758179665
3.2145986750721933,45.42716675102711,437.0371718406677,1.204316709935665
2.2796846371144057,61.715029415488246,1090.8577030181884,1.1145928248763084
1.038082276424393,117.74250748604535,1782.6632251739502,1.0328442439436911
0.9453907526563852,82.18567307293415,283.28848977088927,0.2021928591653704
1.11960635795258,58.55011627376079,1611.9132369041442,1.1326197788119317
2.500418529100716,53.83801519870758,725.1700597763062,0.6424884706735611
3.278961438545957,16.436681021749973,1600.6463787078858,0.930070412158966
1.6327488529961556,85.52073525637388,975.0298545837402,1.3188935279846192
2.991241712728516,53.80847136080265,581.3704219818115,0.941606178879738
3.038254161179066,33.1759336695075,1204.2817498207091,0.998712369799614
2.5103667423129084,25.443990366160868,1353.9600049972537,1.374075070023537
0.8951924101449549,36.3233926743269,1780.594882774353,0.4031501054763794
2.855372407380492,60.83353391736746,531.4912143707276,1.314064322412014
1.6340707417111844,62.63865959793329,747.1229307174683,0.9336942434310912
0.8474418438971043,51.702678135037424,1776.0672855377195,0.5056209571659565
2.2852322143036874,44.72002863734961,1452.9340342521668,0.3341198828071355
3.2073565676808355,57.226681138575074,518.350576877594,0.2574132427573204
0.8457435357384384,63.11414944529533,705.5241074562073,1.247365190088749
1.6168566681444645,36.96358271986246,1196.013879966736,1.1002126187086103
0.8543624167796224,31.08088368475437,232.8816101551056,1.144709524512291
2.3118009333033114,59.68201231956482,1572.0313529014588,1.2376926839351654
2.063608791958541,101.38108284920456,473.9206628799439,0.3075195766985416
1.140341614605859,17.877732214331626,1048.537703895569,1.399945479631424
0.4721362296346342,24.13064520508051,912.1691233634948,1.3890985012054444
1.2911213323008268,63.74022454321384,240.2437162160873,0.3581021893769502
3.3026380020659416,116.23523876369,188.04573790431024,1.4428120046854018
2.2125772880390286,100.97854707241058,918.643424987793,0.8387495264410972
1.7824109287466854,79.99528338611125,379.0956900596619,0.2006063612177968
1.2541382888332009,83.34553938508034,465.67769174575807,1.050048254430294
3.218202181439847,21.703949481248856,1284.795324707031,0.748837549239397
2.9168546439148484,29.984860306978227,1321.2952238082885,1.2802644416689872
3.1292861266992986,81.14414553791285,993.9995014190674,0.9785433426499368
2.9316930160857737,70.77543396502733,223.96253070831295,1.4087121203541757
2.366382208280265,80.23676695078612,485.91255769729617,1.0307615399360657
1.5055188798811288,78.41643774211407,330.5216869354248,1.0307263791561128
3.3406307766214014,17.41029015928507,1776.3476295471191,0.7053959012031555
2.9182562259025877,92.17119062691928,1112.1336751937863,1.143547923862934
2.901841273298487,51.75156646966934,685.224114704132,1.0346992567181588
2.739853651961312,90.47602650225164,1491.227731704712,0.7392992287874222
2.752804254507646,24.23320542573929,1078.0608534812927,0.1694052811712026
1.286134944530204,47.81603956520557,812.6044093132019,1.0676906198263167
1.4900569135323167,56.64277267456055,519.1524770736694,0.651463870704174
1.0240554929245262,19.59122387766838,1174.7940543174743,1.047912286221981
2.131789065664634,57.306575366854666,782.0975542068481,1.2896600529551503
1.8903688362333924,61.29510170221329,217.7542224049568,0.6159412488341331
1.4681685916613787,51.81744440495968,1134.3896176338196,0.8673903673887253
2.1431472986005247,90.7388187199831,1516.2967460632324,1.1183386743068695
3.1635633907280862,15.09446797966957,459.654685497284,0.1714567435905337
2.241025081742555,104.44235068112611,525.04715051651,1.3887785211205483
0.5312360118376092,107.77264349609614,736.5348855018616,0.2906164810061454
1.7676946087740362,37.70902083814144,601.0204491615295,0.5629408895969391
2.68524938300252,65.18333046138287,655.1940093040466,0.960691812634468
2.4176048301160336,38.721525964140895,845.2301560401917,0.3167759995907545
0.8873094691894948,80.99150208681822,437.19604816436765,0.8525743648409844
2.431475883955136,22.91782509535551,1115.8989933013916,0.4987201027572155
3.2094861975405364,60.619227366149424,1509.0297832489014,0.8945228829979897
0.4944097003317438,76.8817042797804,1747.8126331329345,0.9665686324238776
2.753578135976568,103.14079530239106,504.7082162857056,0.4385632492601871
2.1529060091823338,53.325679656863215,1562.9501883506775,1.3639007821679114
1.3966541109606625,35.96562816649676,1465.5147481918334,0.5250571936368942
2.779358054604381,54.46040332168341,1280.2812999725345,0.2878428656607866
2.1825212504249065,57.14135385900736,1146.8281180381775,0.3825162917375564
2.509458129340783,100.80030053704976,488.6061036109924,0.2861890763044357
0.433383037627209,77.10615780353547,1181.516856956482,0.8876915127038956
1.0382460513617844,51.05420622676611,1159.0997727394104,0.8188683204352856
3.276197959110141,25.957664576172828,1322.2033794403076,0.6970894291996956
1.616822788445279,85.46679497808218,1322.3496440887452,1.4891609504818917
0.7393284051679074,22.755395390093327,1369.331230545044,0.930764664709568
1.157717608148232,21.50512163490057,300.730960893631,1.3467710971832276
0.9194755773060024,44.225538317859176,503.1873120307922,0.6274239145219326
0.5652833534171805,64.36814985722303,275.8835052490234,1.2235206335783004
1.0502116730902344,66.68347161263227,1630.08278465271,1.0304603725671768
1.8902556467335672,43.95689847916365,697.7877827644348,1.0370036467909811
3.287981160497293,79.07985102534295,1098.2509859085085,1.132731556892395
1.710741083882749,18.24198015332222,1102.590824508667,1.4324796721339226
0.8701724690850824,81.7918082267046,464.5828258514404,0.8667745620012284
0.6491084080422297,57.34170668721199,1429.947385787964,0.624069357663393
2.324186683865264,94.69404565393924,1704.9322761535643,0.4739167839288711
1.537315159291029,27.76070154607296,1806.316498184204,1.4040913701057434
1.9342443704605103,98.7440477102995,1035.706204032898,0.9883338928222656
0.620473563997075,89.3819160759449,360.1603977203369,1.2541618943214417
2.670259441714734,86.05592098534107,232.54707033634185,0.5639316648244858
1.126106671243906,47.92591198235751,303.6122120380402,1.4043841406702997
1.9446196157485247,41.93545573502779,815.9341430664062,0.7410796493291855
2.131142224743962,64.25514799654484,1695.13176612854,0.82490069642663
3.263384659262374,99.26943942457436,474.2756392478943,1.3931581005454063
0.6928155226400122,94.78515799939632,787.7373776435852,1.3134625092148782
2.920531511399895,95.33402654975652,1478.0565864562989,0.5647629544138908
0.5961431412491948,51.97929146438837,425.0429534912109,1.0778972640633584
1.3751121632754804,114.28731822669506,1232.7101236343383,1.2602277666330337
0.755275497213006,102.1212742894888,1697.463426208496,0.8113939978182316
2.121230664663017,90.12059687525034,427.46143493652346,0.8224587664008141
1.5051015075761824,26.576969337463375,765.7914876937866,0.248202446103096
0.4433757405495271,26.128990088403224,1752.0019207000732,0.8970898911356926
3.168161887349561,54.63669987022877,656.321950340271,0.8227958358824253
1.6376610489562151,22.76793565154076,1230.7717372894288,0.4445145018398762
2.1642454392276704,78.09106712192298,396.6087493896485,0.2414457488805055
2.651203394774348,58.28548786640168,262.7577922821045,1.4867010429501533
0.5373348455876112,83.77974328547717,1799.082469177246,0.4807546533644199
0.7716140792937949,24.316436775028706,642.1061214447021,0.2919043306261301
2.363006401620805,18.3488430082798,1010.1170512199402,1.4775573194026947
2.718863830668852,73.18079310804606,644.6743697166443,0.979128570854664
1.889262028876692,54.309290593862535,364.1897459030152,1.334799438714981
1.6497892638202756,31.250097163021564,765.1268063545227,0.6990078568458558
2.798069234937429,87.32384333461523,1444.6779796600342,0.1771458245813846
1.5920602658763527,61.70989189296961,208.80791469812397,0.5084244929254055
2.578050127625465,25.870219269394877,1061.245586681366,0.4430741585791111
0.4025784170778934,36.61717755794525,1788.773084640503,1.2382177278399469
3.1751938691362738,60.78312439024448,335.4205560207367,0.8842102244496346
1.683611619379371,99.68885223269464,319.2510133266449,0.8053289577364922
0.8044728122185916,44.73845986276865,1396.664752292633,0.7954512253403664
1.4417228611186146,50.86784837245941,924.5603212356568,1.1931694224476814
2.99160511624068,112.24450592398644,1471.9860511779784,0.578820812702179
2.363454786874354,55.4627940967679,542.6632580757141,1.2745770514011383
0.4724551253137178,104.77731901705263,929.8516019821168,1.00091103464365
2.295865049678832,105.1663531512022,1227.462940979004,0.9796363353729248
0.5548637943575159,63.8139517635107,391.7321253776551,1.134625431895256
1.8654479424003512,82.74799079298973,240.5315038204193,0.2742926370352506
2.4583291983231903,20.838223342597484,282.0127202033997,0.1778939014300704
3.126911030570045,85.9974837809801,738.9134659767151,0.5442937768995761
1.3880189226474613,91.84740931242705,1272.5276641845703,0.4071528043597937
0.8663176243193448,22.000078757107257,1258.8424792289734,1.1725410982966422
1.1314226230606437,15.356835013628006,295.8212809562683,1.445415014028549
1.2271137898322195,91.01783568114044,1209.620650100708,0.6679365918040275
0.9625940612517296,24.389429698884488,1194.363135147095,1.192230911552906
2.25116808465682,66.06174300014973,239.97127487659452,1.4558918192982673
2.7269680907949807,41.82682528048754,1792.2202251434326,0.9672446846961976
2.0678122563287618,88.89406176805497,1514.348138809204,1.0356206387281417
0.7421501210657879,46.28617176413536,1708.0029153823853,0.4603003911674023
1.4304591030348093,54.54044752568007,891.2681077003479,0.9642130181193352
3.127181742247194,36.18019755780697,352.9539381980896,0.4197765320539474
2.9427789215464144,76.63654431402684,600.6394518852234,1.2374286264181138
2.9136032440233977,100.39743432700634,1691.0176292419433,0.4972193710505962
2.583373808348552,58.27482073903084,1567.5281871795655,1.1331457898020745
2.624577127769589,78.33273285627365,431.5894929885864,0.8789880618453025
3.278470907965675,111.90695240050556,242.46140251159667,0.3798722494393587
0.7506088293157518,86.61797835081816,1526.122485733032,0.4441737495362758
1.850282902270556,99.56571557074786,1390.5459316253662,0.8866765260696411
2.064854025095701,62.1402251213789,627.092831993103,0.9020948499441148
2.3829282411839814,102.6395926952362,1226.4210081100464,1.1774184286594391
0.8398394937627017,59.75851510167122,194.51678062081336,0.4914548143744469
2.4837734676897525,116.24111151695251,320.9554255962372,0.6900821417570114
2.6962793819606303,32.446225790679456,1091.354130935669,1.1319614514708518
2.1274202581495048,30.578277035057543,739.2389640808105,1.1870084762573243
1.9896594187244772,13.004360380768777,1435.2734796524048,0.2096270766109228
2.5680487163830548,32.79027331918478,1758.4039009094238,0.6525222532451153
1.3019759278278795,26.94770749360323,642.1167249679565,1.31551753282547
3.2568089307285844,48.28061158955097,906.756259727478,1.108962206542492
2.9265156464651225,71.0666760802269,810.0274640083313,0.6982327908277511
2.397945932392031,12.70764887481928,1204.3457584381104,0.6314004056155682
2.6849800256080925,21.54741339981556,1149.67852935791,0.7969728671014309
2.232446520309895,18.75001509785652,1135.9467582702637,0.9039090901613236
2.001836170395836,73.09925856888295,1295.2198602676392,1.2359919190406798
1.1472558128647503,96.83121706843376,998.5891320228576,0.2626241128891706
0.5359140808344819,45.61938429474831,1471.5616704940796,1.1048572972416877
2.647589865280316,63.33804693818092,895.4461760520935,0.3522143539041281
1.317477765493095,55.35473592728376,305.9796026706696,0.4507917709648609
2.1276012550108137,88.13862695097923,1823.1512046813964,1.4158403277397156
2.2383497058413924,54.07806132286787,1226.156548690796,1.2069207072257997
0.7115571903297677,53.29143879562616,1564.6604350090026,0.6709714516997337
2.0217034679371864,71.0240085169673,441.9323879241944,0.6365421675145626
1.3476635464467108,15.208464521169663,215.47093237638472,1.2763365134596825
1.146918535511941,63.022509364783765,626.9075623512268,1.400905142724514
1.124772240780294,55.27509037256241,1619.012713336945,1.2882477417588234
0.8996489599812776,93.81735166162252,925.9026116371156,0.795743165910244
0.7544148400658741,20.428346978127955,1375.8321350097656,0.8210435397922993
1.6469738755840808,87.17148261070251,1443.287509536743,0.3731495790183544
2.1488490380346774,25.867494389414787,1413.325410270691,1.0366968348622323
3.182469558343292,20.54202468544245,261.8674019575119,0.5337380573153496
1.1341627749614418,37.16442697495222,1674.0965171813964,0.493943327665329
1.1460680622607469,88.90486005097628,909.6516409873964,1.1855659574270248
0.5582079220796003,62.02369071394205,229.273160982132,0.2456157989799976
3.010958434827626,26.03424916267395,1054.048198413849,0.7017759777605533
1.3866831935476511,108.31796353310348,212.3053174138069,1.0503470927476883
3.2256066440604627,69.15207972675562,1723.6039237976074,0.2324512924998998
1.5894344645552336,38.30519166439772,1385.0249685287476,1.4758753895759582
1.1056480243336408,77.9487684994936,460.6203657150269,0.9061855047941209
1.719249788019806,113.95264472961426,1181.838007926941,0.6247511625289917
0.6942982682492584,27.441600875556468,501.9603025436401,0.4902980543673038
2.850507629755884,68.4139584749937,1040.7070443153382,0.3117118462920188
2.8845140622928738,86.76971992254258,275.68435821533205,1.0999945625662804
1.92430463694036,20.231869925558566,925.9391275405884,0.794139900803566
0.8501465211156756,111.25842448025942,1575.6699977874755,1.0535838469862937
1.7115245004184545,53.21063120961189,1252.373556613922,0.8856337428092956
0.5485992449801416,63.79771452695131,1512.908113861084,0.7734680630266666
0.5133272168692201,92.38253431767224,466.9473084449768,0.4998543158173561
0.8479475629283115,45.34601480960846,1429.624003314972,0.8542132027447223
0.9651082883123308,103.5726351812482,1625.617543411255,1.3260402008891106
1.0687695655506104,57.682036499679086,1803.17697467804,1.1978354170918464
0.4374303603297448,18.585825634002685,932.7402932167054,1.3570817932486534
1.9264585245400667,61.80919982641935,328.87709007263186,1.0293592557311058
2.7888935409486293,50.34660322964192,1459.959516620636,1.4552446588873864
0.9493334206286818,63.71979163587093,603.1568125724792,1.2063506931066512
2.053492845362052,76.61052310913801,1492.792314529419,0.6863341078162193
3.033820756524801,65.32348873913288,402.8672493934631,1.079181756079197
2.6993920870590955,43.971161648631096,1590.970379066467,1.3739509105682373
1.1667990556918084,114.76445913910864,380.08142099380495,0.4256987977772951
0.9046347939874976,105.35235240161418,1259.861975479126,0.3635397966951131
1.6410545568913222,74.58729501068592,297.5940408229828,1.3319036886096
2.744080140301958,63.28672557920218,1773.911057662964,0.7196501016616821
3.270260733552277,80.05849477648735,1228.037982559204,0.3813161659985781
2.9419064700603483,54.57505397349596,411.4141627311707,0.1779206369072198
2.000933160400018,65.14505789875984,1366.870135974884,1.352119468152523
0.5918259882368148,86.32325565367937,444.8860741615296,1.2963424175977707
2.7774662914220243,66.68154561966658,1353.8227823257446,0.5790500797331333
1.7250687095802275,95.95852863490582,927.8194053649902,0.6301802225410938
1.778432262595743,95.94432239830492,706.231457042694,0.3848117165267467
2.4411922278348355,97.64523811638357,323.06888036727906,0.4761569015681743
0.7677625394659117,46.23532930761576,908.850141620636,1.144206055998802
2.2269573516678065,73.46082339137793,733.6588729858398,1.2620703503489494
1.7433349463157355,115.0054392248392,1225.288358306885,0.3291355971246957
2.346768254460767,44.74934502989053,1313.5190527915954,0.2542994577437639
0.8684744617668911,99.74581251442432,501.8329221725464,1.2685515820980071
1.182914773374796,77.51215017437934,1327.2531246185304,0.8449862837791443
1.2608884516172112,35.65988025963306,228.34734144210816,0.5653308786451816
2.281660698261112,110.49425640255212,1611.638712310791,1.1847488671541213
2.658976415079087,78.92554394453764,549.2954023361206,1.362845028936863
2.3154881535563616,68.5650457650423,337.13563375473024,0.7498446680605412
1.7043458098080009,101.41291219294072,1079.6641560554503,0.664155413210392
3.191404247144237,23.023399029672145,863.0977397918701,0.2141541412100195
2.508935420913622,106.52595724463464,588.9074664115906,1.294718360900879
1.223376852599904,107.50592732429504,1424.1931148529052,1.2416694030165671
0.419375817081891,113.5634695827961,1379.4598194122314,0.5677228063344956
2.811341062700376,40.5825813665986,1617.4342723846437,0.3112122878432274
2.4162520399317144,66.54726995527744,317.0483453273773,0.4787817046046257
0.3960869591857772,58.18799273818731,634.3002870559692,0.94583450704813
1.235204471135512,42.33546136319637,1407.9485494613648,0.2263283360749483
3.028641378646717,100.47508838474752,1280.0954423904418,0.953030613064766
2.9813362355344,32.083575962483884,292.7959045410156,0.4760065108537674
2.6804167959373446,15.740281604230404,1137.2189831733704,1.4840294182300569
2.871460489463061,64.66084628999234,270.2291241168976,1.2656916737556458
2.100778410444036,25.214799335598947,312.28271822929383,1.3665637612342834
2.3321431627962736,98.251065325737,1626.941940689087,0.9242164134979248
1.849541317904368,54.44067195057869,668.3372168540955,0.7277298890054226
2.647522674081847,73.40246012359857,1650.4984558105468,0.7522046774625778
2.1349422154016797,75.86888924986124,1154.2656017303466,1.0961036905646324
1.0527492241933942,63.463967928290366,327.89997615814207,0.6671127416193485
1.7989143040962516,78.94859429895878,1746.2348091125489,0.9652398288249968
2.5428971042856574,62.83499859720469,1226.337457084656,0.2554876804351806
1.095056067220867,47.8257333829999,951.3555629730224,0.2201056960970163
0.7792458087438717,40.300174708664414,1778.7222663879395,0.6040937595069409
1.7669043831061573,31.796740072965623,1188.0380122184754,0.5315031565725803
0.9788284802809356,65.88410192877055,188.9857704013586,0.1742590330541134
0.9982944686431438,17.0275338947773,333.23227033615115,0.6060013443231582
2.7040409828070557,69.43229312449694,1020.8514095306396,0.5464839518070221
3.0935683411546053,51.61007647812367,303.0884777545929,0.977017742395401
0.6905109168263153,46.2340270280838,1008.9234679222106,1.3176951378583908
1.8196305633056908,84.6168542906642,1813.7481605529783,0.3376684740185737
1.1489857078529897,50.83228161782026,862.6192043304443,0.6961611665785312
3.03551258048974,84.90828074663878,1182.1645822525024,0.5709376350045204
2.79200516147539,112.47862698435785,1529.2128551483154,0.1650528075173497
2.2165879813488574,17.542327098548412,550.0073716163636,0.2393842957913875
2.118602445768192,82.3194547072053,342.5492781639099,0.6660546071827411
1.6871722497045991,48.78177016079426,351.70533056259154,0.712275829911232
2.5577658873051403,20.679963889718056,293.9643931865692,0.6281740285456181
3.147000816371292,80.27342594563962,1301.7718669891358,0.6426243387162686
2.093340018577874,13.3766785338521,1228.3748483657837,1.3783808529376984
2.163658293709159,103.255627630651,1374.5321952819825,0.3222052186727523
2.9998796169180424,18.87061847299337,1058.5631731033325,0.3470397002995014
0.394628345395904,53.713553780317305,622.6506113052368,0.7977699026465416
2.036134494934231,17.737746319174768,354.0070630073548,0.8971369013190269
1.366608618851751,86.61180683374405,1255.142276954651,1.2911962151527403
2.3934888126794247,55.123293770849706,1290.499845790863,0.5260092660784721
1.2449340954888612,92.10686964541674,903.7898958206176,1.2141589686274528
2.7946222965139897,101.56688618659972,1687.5432243347168,0.7359091013669967
1.2709955477621406,69.70702275186777,769.3950896263123,0.9438614785671234
2.3917755586560814,81.1290352448821,780.1380256652832,0.3758039880543947
1.6260521037038416,26.730379278957844,1636.6768505096436,0.6204745136201382
0.8100355885224417,14.830600990355014,1237.903375339508,1.003136120736599
1.3365448070224375,19.221259351074696,839.7917249679565,0.5640973128378391
2.3049928499385715,72.22843202203512,760.4074321746826,0.4415383279323578
3.282707920530811,57.57043900340796,1316.6205772399903,0.3477857027202845
1.7600883424747735,14.9391131401062,1003.5504503250122,1.433446651697159
1.4924086745362728,16.82589298635721,225.1721964120865,0.6777554705739022
0.8331410869257525,14.77569755911827,1424.9349040985107,0.7712313257157802
1.2005393952131271,105.36028925776482,343.59032588005067,1.4281369239091872
1.279542459920049,104.16570891290904,1170.8965873718262,1.2640664979815484
3.2857389523647726,41.367633272707465,1761.2810234069825,0.680893937498331
1.4808204624801875,45.9425006851554,1070.7762405395508,0.3630540747195482
1.987780238641426,66.8083605453372,1438.9717577934266,1.2786697790026664
1.642682532267645,42.29171975404024,551.9455547332764,0.4162560205906629
0.5292283813934773,46.06727529466152,566.0199464797973,1.4421255335211751
1.9872107407078148,46.74911709427833,1137.8833505630494,0.3445674646645784
1.6469371980056169,74.96461768448353,978.4663326263428,0.688674396276474
3.2970185096375646,103.4228836596012,1205.1896831512452,0.9193547502160072
2.1434680855832995,31.896807764470577,816.2816127777099,0.2108308617025613
1.7383575235959143,65.91844411492347,502.0782341957092,1.4375234588980674
3.0297568059526383,85.44925915151835,1055.2952399253843,1.3186713382601738
0.7410273056477308,93.2501164019108,356.2026236534119,1.2118167594075202
1.1768463751766831,104.03081085383891,1732.430529022217,0.3600692752748727
1.7021451792214066,113.9181327790022,966.996310710907,1.3055370315909385
2.0653238801751286,49.26938609480858,604.8040123939514,0.4258095793426036
2.5781516461167486,50.367834605276585,1016.1976762771608,0.8090599775314331
2.0652625006623566,102.78680603951216,1793.3402820587155,0.7059243850409984
2.7880846227519216,90.16628479510544,1122.6577140808106,1.4357398554682732
0.950084029417485,23.32363062500953,1578.5445766448977,0.7432668894529343
2.8466363825835286,105.99281044006348,268.2466170310974,1.336455620825291
1.6685787257738411,63.08554996997118,1210.5216068267823,1.3960411116480826
0.4200174012308707,59.70542997866869,1312.252789402008,1.1238197892904285
2.3664599233306944,25.58224802017212,631.6069303512573,0.629541027545929
2.7060551741626115,39.75695685297251,478.3107186317444,1.4294957369565964
0.3913575291226152,117.12077965140342,1294.5544256210328,1.2700558289885522
1.2243049075827002,13.840423288941384,1392.47705078125,1.2747992664575576
2.5367014648858457,26.611444623768328,1416.2425285339357,1.187410645186901
2.2971663418691604,91.03088543266058,1571.3993766784668,0.979347574710846
0.6211566944839433,60.975237080454825,290.3167730331421,0.698502530157566
1.530798450205475,18.74095498621464,730.7773030281066,0.3038992315530777
2.727516801422462,111.87396930158138,282.19718952178954,1.43088488727808
1.883852189546451,42.19561302363873,289.32544403076173,0.822526641190052
2.7012296278495342,85.57374263852834,252.45877611637115,0.2582304634153843
1.5322416013572364,41.49160585552454,511.65303440093993,0.5297665499150753
2.6834070772863923,107.2451826453209,829.1769346237182,1.3530901059508325
1.293422328308225,59.256310667097566,500.3271936416626,1.0061548396945
3.1890312483534218,71.73902025967837,744.0427473068237,1.0056340232491494
0.7201014090096578,103.86928582042457,1005.1319814682008,0.754378093779087
2.068867898732424,75.83036597669124,281.6877163410187,1.0657310634851456
1.0716866777278482,85.14822896569967,1532.5051586151124,1.2340172573924064
1.9622226003557444,64.01321094334125,381.2752342224121,1.1853450804948806
1.1469866272527725,61.23444158136844,602.1647150993347,0.3352117709815502
2.209111345699057,17.850564047694206,1411.6308238983154,0.582728224247694
0.3656931826197251,64.02552230358124,247.63374359607693,0.5268497094511986
2.438509036228061,18.71045611053705,1554.9313175201416,0.1676645066589117
1.0705543062649667,86.64516396075487,668.5915521621704,0.2922999877482652
1.4192684791050851,39.40961380302906,1567.6020624160767,0.5771961860358715
2.6467278925701976,103.2916283711791,879.8448294639587,1.3611401364207267
1.4594418379478156,113.26169089078904,306.56247305870056,1.0709204137325288
1.8012294383253902,50.74366062730551,1221.3587025642396,1.096894396841526
0.3771415802504634,28.972754679620262,1350.607488632202,1.0481666132807732
3.231675283797085,90.838540494442,1745.1744895935058,1.1025278761982915
1.2373550447635353,22.952550058066844,1466.1155643463137,1.0214188665151596
0.5080491097760387,48.487165813148025,1754.7334131240846,0.8297490812838078
1.6181602579541503,57.51063738763333,477.3111936569214,0.6454503640532494
1.4471443289890886,17.673093904554843,1443.4048183441162,0.7153517320752144
2.7596720403060315,99.2879337966442,480.8009328842163,1.0287921383976937
1.7304343735799192,102.54939017891884,485.8348707199097,1.0559182420372963
2.125631271023303,41.42569632232189,372.94182138442994,1.0210829854011536
2.5276440068613737,43.68038592189551,1243.6255378723145,0.6847334392368793
2.463688172772527,32.33713059872389,1647.631104469299,0.5437140598893165
1.428785811830312,19.255394923686985,337.7116688251496,0.8406330309808254
1.1554737219121307,101.27991627305748,202.1679199397564,0.6684404589235783
1.3403419429436323,15.180086685717106,356.2003211021423,0.7045427054166794
1.791978054633364,52.23098349571228,1050.6667170524595,0.947707562148571
0.3963754719938152,58.96977292150259,1767.4256324768066,0.8557550743222236
2.3568458527792244,43.52936511486769,1457.7672646522522,1.196748833358288
1.8779868923593317,114.09447401463986,358.8926050186157,0.183807810768485
2.611879026331008,95.2926317602396,351.13749170303345,0.5096654608845711
0.4158175079966895,41.547429567575456,1451.9887899398805,0.8486522987484932
1.3948176444042475,50.32503430992365,182.94080618470903,0.5630049794912338
2.263305672490969,114.79615571796894,1571.5251560211182,0.1940809242427349
3.0134416683577,92.82390554100274,1463.8668632507324,0.7697671324014663
1.523014919226989,42.67639123648405,273.85550980567933,0.4615844562649727
1.0874330068007112,60.72186565548181,1414.8032504081723,0.7929268330335617
0.5361522109480574,113.0382414251566,1730.0612091064454,1.2133671373128891
3.3136922961100934,67.53920428305864,1766.0294944763184,0.2635230049490928
1.4244175254832954,34.65179236382246,459.7612490653992,0.345291594043374
2.182303435495123,92.2580179437995,1133.018884086609,0.3554981607943773
2.7025878925342117,75.51089772582054,802.7063772201539,1.0433537751436233
1.1277453374117612,46.94916297793388,1691.5871702194213,0.5475873410701751
1.7447957566007972,105.2263836786151,1348.8999137878418,0.2454427368938923
0.7917382521321997,13.144410112500193,1219.3170553207397,0.7529872484505177
0.754837463889271,112.02638269811868,1051.5329336166385,0.4802524283528327
1.821240827301517,81.99762151241302,288.5048819065094,0.5227846056222916
2.720013421587646,57.78198162466288,1077.6336368560792,0.7320708699524403
0.4857687194249592,28.45820894986391,904.2987559318542,0.431729582324624
0.5137833324959502,100.1296670600772,1794.0161659240723,1.225700755417347
2.8957023404538638,36.79229615032673,1761.862549781799,0.424435406178236
3.177879345417023,116.92895385026932,1352.8108810424806,1.4776042148470878
1.996974382130429,37.573978662490845,887.5470017433166,0.9373745948076248
0.5824644995154813,75.92601663917303,1796.5391178131104,0.4154742799699306
2.7042917153798043,107.2454036578536,1731.613877487183,1.4493734821677209
1.8864475541748107,114.68475292474032,1422.9526973724364,0.3747801575809717
1.744889944186434,84.74264168441296,531.4392263412476,1.0068805366754532
2.301850245147944,28.384501986205574,1108.132525253296,1.1841969296336174
1.837992940749973,13.862784978747367,193.95864676833156,0.639199686050415
3.0908183785621075,35.10412648618221,1228.2651708602905,0.4549354240298271
1.310045408969745,100.44076851010324,1383.5124378204346,0.2893808629363775
1.5941693153232337,15.084961082041264,962.6881724357604,1.0304921016097068
0.6962149204919115,40.232120306789874,814.4118890762329,1.3635867103934287
3.3013453191146254,16.923131394386292,1432.2619674682617,0.6552299745380878
1.5164311510976405,89.90100971460342,1692.5436027526855,1.4364590123295784
2.049846443347633,47.90945452600717,1476.217968082428,0.4929366067051887
2.010788975097239,47.999775083363055,1263.3279326438903,0.4792121194303035
0.919701249152422,107.82784070074558,324.49601607322694,0.8288019195199012
1.0128623294178396,17.120427078008653,232.38016879558563,0.3939487054944038
2.929598490241915,40.7270423412323,1743.4365322113038,0.9390656009316444
1.6272769698873162,70.17154289484024,1024.7910524368283,1.1657098442316056
1.1927653561811895,47.6440278545022,1652.3210131645203,1.4295108512043952
2.994390078401193,54.128739699721336,1465.4780424118042,0.7944437816739083
1.8088992698583752,32.5780149102211,1153.4682537078857,0.4058223757892847
1.3256238383240997,99.95373028665782,475.7970455169678,0.2542993802577257
0.5638780257664621,109.85338436812162,1012.028182888031,0.7016249828040599
2.6992609017994256,96.59066337943077,696.6378052711486,1.068060265481472
2.604054499231279,78.24881734549999,393.09006423950194,1.3191018655896187
1.910813105525449,39.89395206421614,870.6278863906861,0.2088998295366764
0.7455012849997729,93.67050323188305,180.89148055016997,0.719976433366537
1.905819525383413,18.06453323662281,1769.8462448120115,0.4635161884129047
1.246918040700257,42.40750987529755,510.332119178772,0.1636812672019005
2.483959160745144,112.21515899300576,497.6427586555481,1.0364149764180184
2.5099237366113814,98.62001613229512,863.7374282836914,0.5559078119695187
1.316631062095985,85.16662817001342,1524.549084854126,0.4019573304802179
1.4472475910559297,106.04816070348024,1504.999587249756,1.4764180779457092
2.566663671378046,51.24917720258236,1150.9660197257997,1.038176143169403
0.5952003933838569,67.10161390304566,1353.0891290664672,0.383660527318716
2.6748553551733494,71.72664511948824,1748.7446689605713,0.2196057703346014
1.1253140402957795,71.79152482151986,623.4696939468383,1.1003196477890014
2.5650018983054905,22.34218104928732,1020.561602306366,0.8294948592782021
1.4442880597431214,109.74827010780572,1539.2903381347655,1.0908426955342292
2.4683437599800526,58.56178873032332,1699.6316206932067,1.0904400900006297
2.479815074475482,100.33837860375642,575.1718146324158,1.2275410622358325
0.918638869887218,45.92627286761999,700.0239912033081,1.4459220468997955
2.894355969736353,83.93498711884021,1382.103130722046,0.9124720469117164
3.0960605864878743,60.79768599122762,787.9994975090027,0.3700472734868526
2.633082730928436,86.04721943438054,798.8288498878479,0.1928513189777732
2.826920190081,13.53253567814827,1335.3484672546388,1.4564713910222054
1.6440500107593834,35.7836268901825,1343.3566297531129,1.2538371160626411
1.9612850389443337,114.98381212055683,253.9319132566452,0.8313781708478928
2.4504751570057124,100.61823323965072,433.25518026351926,1.218537050485611
1.9638206060044467,51.38942198455334,365.6923442840576,1.3063117146492005
0.8148576778825373,42.77384920418263,609.2418453216553,1.3109014093875886
2.317523874389008,93.29382127821444,535.7415706634522,0.985854922235012
2.045533677516505,98.89724546521902,1669.7343013763427,0.1794469021260738
2.321912058861926,17.43658004850149,1083.4067552566528,0.5384393438696862
1.2575124407187104,47.34966938197613,1204.665925884247,0.6027996443212033
2.503616666840389,52.53317607492208,276.7985469341278,1.2012734577059745
1.1993904430419209,55.42128159701824,1311.3596970558167,0.6022097505629063
0.5321652008220553,49.80823508948088,1735.638759803772,1.0192622631788253
2.314292631065473,75.6273561730981,462.18661470413207,0.7108072929084301
2.5499178043566646,22.46603125333786,587.6733432769776,0.5230144001543522
1.6211274655070156,115.8234452560544,275.67319388389586,0.8474374502897263
0.8840447660069912,113.59640417098998,341.1442720890045,0.6924152471125126
2.4950154826045035,82.8578842252493,863.3832866668702,0.6125970706343651
1.5166293682064862,38.424810060858725,472.672455406189,0.7974132969975471
1.1473609563428908,40.9018077686429,1263.301880455017,1.455104461312294
2.1173688696231694,21.263591307401654,286.55064086914064,1.424115075170994
1.2277071226853875,21.462451957166195,1167.9476043701172,0.9881993114948272
2.277948671160266,39.55251454859972,202.65156540870663,1.4589701265096664
1.0999827687628567,81.07350170612335,1347.2006259918212,0.9762467563152312
1.2724153184331954,39.14133294373751,1163.5202275276183,1.3131141111254692
3.1270856842864303,24.213505470752715,398.0844207763672,1.4112002924084663
2.5066197764594107,102.74993258416652,467.4564938545227,0.936001019179821
2.3858085688669237,80.32313683480024,840.1209385871887,0.1804238930344581
2.034484209632501,36.89209237545729,907.4255025863648,1.4201442286372186
1.5178265552502126,98.04147109389304,446.5012052536011,1.0485709622502326
3.2749570457264783,22.917360574007034,193.02436712384224,0.741888514906168
0.6382107267854735,89.39544773846865,1686.4521392822269,0.7400122992694378
1.121609322074801,55.689834024012086,1374.8951232910156,0.1749000404030084
2.088778130942956,74.23077785670758,1233.57483959198,0.4820551998913288
2.436773289553821,22.689959609508517,461.1711785316467,1.3221155822277069
2.518291979655624,13.900409114360809,535.4989539146424,0.442241783440113
1.1523997222539035,38.96744912713766,269.26965591907503,0.7677955336868763
2.516672181338072,73.62460460066795,1291.5947887420657,0.2695487141609192
3.1700182222295554,98.9089286327362,1502.4720348358155,1.259103389084339
3.0899241105653346,66.28441027700902,464.0449465751648,0.9748599141836166
2.536878305813297,87.4092060416937,1039.4703052520751,0.2518495455384254
1.445983865717426,107.84187918901443,1140.429019355774,0.876322828233242
1.154145235475153,49.24522275179625,1656.7775144577026,1.0526775985956192
2.6720385590102524,57.43925126791,1218.842607975006,0.4893296964466572
2.396046865126118,54.08638693392277,895.7941514968873,1.011970429122448
3.141006979160011,18.918789061903954,1540.37015914917,0.5513040035963058
1.6413087168708445,14.488744042813778,634.9676300048828,0.8193161852657795
0.531972756749019,61.74300042390824,1707.8116847991944,0.302559669688344
2.605301969544962,53.06062756329775,1260.3929923057556,0.5053159259259701
0.8280198266264052,30.16894959360361,280.74733233451843,0.4051967419683933
2.310992489894852,103.86398760974409,1517.2813484191895,1.074191504716873
0.6784868183545768,40.72376916408539,654.8484716415405,0.4856428168714046
1.836003440571949,64.84658237844705,744.9828776359558,0.6193821378052234
2.758287776168436,91.69779955595732,646.0030345916748,1.3633730068802834
3.1177595037966968,44.12597199380398,740.7075881958008,0.8192346684634686
3.123503549909219,103.15482216477396,325.77801513671875,0.6782892279326915
1.965356522984803,62.02621047645808,454.3227365493775,1.2974365949630735
2.352046700194478,99.05057376474142,1592.4355724334716,1.16069248765707
1.633548424160108,73.55095685869455,406.2702001571655,1.049551673233509
0.882664701482281,82.24231385588647,507.44702129364015,0.3147505480796099
0.8466825165553018,12.611844274401664,1361.2250444412232,1.1373212203383445
1.862317848391831,30.0931483104825,299.5616455554962,0.186914693005383
0.8430475400062278,103.85517825782298,523.7908679008484,0.6260817505419254
0.665909291175194,34.136347469687465,1029.3767120361329,0.961712746322155
1.0636881480924785,17.866557051241397,806.5949621200562,0.4636820487678051
1.0053348724264652,112.4308074876666,1192.4029722213745,0.9022809773683548
1.568755163392052,54.700831942260265,1067.2633596420287,1.0835255593061448
2.395780251454562,29.12296700924635,997.3835735321044,0.7005234733223915
2.91304090032354,75.83266530483961,1056.301520729065,0.3129160560667515
2.1042970253620297,23.77757901400328,709.4200627326966,0.3452739186584949
2.3441618892829865,32.22891293913126,803.8759412765503,1.3328363701701165
0.9484522162703796,62.28819561600685,860.4513386726379,0.1840154094621539
2.656444421876222,18.994490334391596,952.2133770942688,0.8956015720963478
2.190161396097392,81.74902644306421,542.2065065383911,0.1746167236939072
2.4889300534501677,66.09761577695608,1556.7168266296387,1.2581424355506896
2.7961843063589185,59.61607428491116,698.7828389167786,1.198313558101654
1.68454276076518,30.67876429706812,1585.9022226333618,1.3425369277596473
1.6956476790830493,19.587579336762428,799.2556999206543,1.2129797950387
3.0050041767768563,34.601349933445455,274.39785199165345,1.3260344579815864
1.5123048533685506,67.24957202374935,1775.3850574493408,0.2515772603452205
2.221806218801066,19.44830237776041,776.5453622817993,1.2134984731674194
1.627477571601048,116.59188641458748,1098.3280673980712,0.586024609208107
0.9902272657956928,46.48245830237865,776.0636972427368,0.2484683379530906
1.4440772553905843,58.52544082701206,1370.8012105941773,1.037033338844776
2.424497233564034,14.0179723367095,489.5119730949402,1.0347396448254584
1.7834403560031205,13.001775804162026,1504.852988052368,1.1960918381810188
1.96922392337583,19.06290860027075,1440.79756565094,0.93950674533844
2.6622954754158856,89.30780797600747,1499.8870540618896,0.849674990773201
0.7737036322476343,80.226990711689,1202.9742416381837,1.1505303084850311
0.8637668259674683,31.92509361803532,1647.081058883667,1.1657628431916236
3.03402363108471,89.6863680869341,1163.331383895874,1.0314611613750455
2.9795756125357,70.46689304411412,1223.1894262313842,0.3682276371866465
1.7367386044468731,84.67333549559116,572.1357989311218,0.4255635567009449
1.2738714248873293,36.21181063652038,486.5804253578186,0.7203073740005493
3.019192393729463,62.59954400211573,447.33366203308105,0.2617641661316156
2.4064802888780834,50.50362143516541,1532.7701316833495,1.040358728170395
2.708364010602236,39.50696906298399,1324.5292646408082,0.5119275338947773
3.0852728626225145,75.36023278534412,684.5898009300232,0.5104247830808163
0.915614428301342,82.216042932868,490.6048752784729,0.9461506977677344
1.137847234122455,79.50760871320963,1520.5332946777344,1.19886045306921
2.582017884403468,31.95820213854313,304.9376898765564,1.0857644379138949
1.4464067292399705,56.18741824179888,225.66503922939305,0.5064414814114571
0.4598846409353427,102.44216334670782,525.5177945137024,0.8957524493336677
0.4709945211070589,78.40594289153815,677.3504362106323,1.34040010869503
2.987799135874957,44.87463080585003,1663.4988878250122,1.4967990323901177
2.769993985025212,98.6115475475788,533.5545664787293,0.9215755358338356
0.5662929648999124,22.141895964741707,1811.6227294921875,0.5984680965542793
2.5637835459783678,95.47966389358044,1590.878402709961,1.4961926341056824
1.052555178757757,16.167484205961227,843.5429482460022,0.3281669326126575
0.4301424609438982,48.21448699235916,1469.3033029556275,0.9136970162391662
1.2703267179429532,77.99717321693898,511.1253410339356,0.1803017862141132
2.611313788034022,75.51642608642578,1435.8051349639893,0.2139127220958471
2.817955074645579,74.62527351081371,1108.1266050338745,0.9907820507884024
2.89864769061096,71.13364717811346,1136.4397241592408,1.482276552915573
2.5858068802859635,56.352244313061234,1345.8119379043578,0.6779259949922561
1.037320152996108,72.82059381455183,1709.225694656372,1.407459743320942
1.3520297933369876,64.4440323293209,479.8940563201904,1.480163063108921
3.2642367478460077,78.2597112774849,1504.624530029297,1.115647692978382
2.0647356823086738,17.419966754317283,916.7730233192444,1.044657264649868
2.362462257128209,49.8677295088768,1731.084499740601,0.3845479875802994
1.8295572396367787,82.63309695422649,1330.94056930542,1.0278717800974846
1.166355025023222,27.86777277290821,1229.8120965957642,0.957747170329094
0.8783038872294128,83.03593050390482,918.6276189804078,1.0399222686886789
2.8458893838804213,29.70885283499956,208.5046913743019,1.2071769014000893
2.150120342290029,83.64505645632744,1558.483054351807,1.233270339667797
3.169186210259795,65.4822449579835,977.8260881423952,0.6885944150388241
0.8061614197213203,69.00242835879325,580.659601688385,1.3797849372029305
2.0335906742140653,70.8257931098342,744.3036506652832,0.2269203867763281
0.4553225754178129,54.25627211034298,299.6905264377594,0.9636053264141082
2.964509378094226,104.09934917986394,1267.5171087265014,0.4419688671827316
2.8794459087308497,103.0365967810154,457.83141098022463,1.135145083069801
1.2106352682691068,95.7955597475171,1820.5736927032472,0.2034928828477859
3.0276592252776027,75.88039704859257,1784.0643474578858,0.7832508899271489
2.8157558091916144,18.405075082182883,706.0639769554139,0.2469892758876085
3.2466866408940405,96.63198077529668,1581.6158256530762,1.415820161998272
0.6116002568043768,50.73202973753214,281.3442812919617,0.4384012028574943
1.02832216382958,58.67642573565245,567.2114446640014,0.2931660208851099
0.8589318320853636,27.300510025024412,1770.5340282440186,1.179240144789219
3.189052170095965,55.54281000941992,584.0710365295411,1.215708029270172
1.3105852940119802,41.92873912453651,512.5610709190369,0.330919074639678
1.1135514153633266,47.71483806371689,1292.5363165855408,0.2448699988424778
0.9735233497340232,95.21517437398434,388.81573848724366,0.6109472833573818
2.893772929348052,29.48688588887453,297.1034055709839,0.8003236785531044
1.2492750176694245,69.08692036122083,1503.5232761383056,0.3430696714669466
2.04548380440101,62.49264467358589,383.381123828888,0.9838466599583626
1.1587752962950617,60.947287659347055,296.8153108596801,0.7674787431955338
1.2586918439716102,98.34045103937387,261.4281952381134,0.7154311798512936
1.6989879850763827,85.9059039965272,1124.8097959518432,1.0482399880886075
2.606438182061538,99.80238171070816,662.5724472999573,0.864073035120964
2.8453472688328474,116.61003953516484,1641.7550765991211,0.65559191852808
0.9368400868494065,61.28373394459486,1405.1744027137756,0.8179933823645115
1.7406227975152433,96.82729650437832,750.0200478553772,1.2856615677475929
1.5302692698314786,44.33298775106668,915.893588256836,1.162910458445549
0.7360299864085391,32.11291159838438,1749.665665626526,0.3952128451317548
2.0043427552096547,69.99534063339233,978.9828481674194,1.0113555654883384
1.0157402793876826,66.61689947396516,770.7871445655823,1.0236436173319816
0.7721456445753574,69.27339256107807,443.3945627212525,0.5261685512959957
1.0041426722891629,30.60971794426441,1540.1997869491577,0.5401535160839558
3.093178047053516,113.60652096569538,1119.9450647354126,0.3504166070371866
1.4348170795012265,92.85982838273048,768.0407217979431,0.2724237725138664
1.9930190304294229,99.79798889607191,1488.2839191436767,0.3931257829070091
2.317389127938077,34.12020444571972,489.6700374603272,1.318589013814926
1.1028306726831942,39.2121135905385,181.8899637773633,1.3335513919591904
2.707584348646924,76.18722543120384,1421.1111297607422,0.3646505746990442
1.6940699552651497,47.05937645435333,312.81368312835696,0.8020941562950611
3.046988367335871,16.32585543692112,616.7487070083619,0.4314768716692924
1.0508265567477793,105.63606352359056,941.5658038139344,0.7741938784718514
2.565153295267373,27.40396564006805,974.735639190674,0.7235436700284481
2.108499504765496,117.25754152834416,1442.5499320983886,0.688185217231512
2.810497134132311,31.410850474238394,224.64249958992005,0.4331987790763378
1.3539443239569664,63.07219488173723,1191.3487040519717,1.3744569316506383
1.8558677613269536,62.94159057438374,252.51420583724976,0.2084340455010533
1.9800315136555584,56.15912904888391,1565.3569012641906,0.3747770074754953
0.4356310817063786,56.77216268926859,520.6195268630981,0.2263088077306747
2.48482807376422,23.45738198012113,1185.9787084579468,0.5325972907245159
0.8717012437526137,50.1912880808115,1499.5478101730346,0.6813618309795857
2.574803126603365,24.989396481215955,1453.3188539505004,0.4760928027331829
2.3614923242013903,69.6491769850254,1711.31654586792,0.6778874553740024
0.5605310671962798,14.410747776925565,1543.676531600952,0.8626552760601044
2.6006186303682624,35.2340372890234,724.5686223983764,0.1991269486024975
3.2188036460895093,80.69150013923645,1717.2091033935546,0.5152158536016941
2.118913301080465,79.69693607836962,666.2261423110962,1.274977271258831
3.1717277536634354,104.61446535885334,1399.8314491271972,0.5313662819564342
1.196272158715874,116.01885961592195,195.788239645958,1.1231217682361605
2.453356950636953,75.9675587117672,1810.9566921234127,0.5781599171459675
1.3328841211274267,19.87329839020968,894.6721523284912,0.4978887625038624
1.3749740157742054,99.15941064059734,1718.593627166748,0.4089762166142464
1.4506847938522696,110.28346705287694,268.56983959674835,0.2832134328782558
0.8323556987103075,71.91527678966523,391.1169091224671,1.4418893307447431
1.658733124518767,61.86627462208271,532.327810382843,0.7811855174601078
2.314138538716361,89.58575465381145,1425.7619415283202,0.935144890844822
3.036466647451744,96.82770344018935,1427.1808944702148,0.2362676348537206
0.3848788720817538,33.50470416247845,1275.8096418380735,0.7069742076098919
1.5440249334555118,104.43763867616651,1652.543085861206,1.3788125768303872
1.2723673683125525,81.92324981838465,573.8010041236878,0.410238554701209
0.889042609417811,45.59948427975178,873.9930493354798,1.2514672756195069
0.7127384793711826,87.03584143221379,1055.420743179321,0.5411116346716881
1.7976908729877323,42.04047355502844,1162.4380502700806,0.7349412769079209
0.8370571770239621,23.7427639991045,1074.7267290115356,1.3559668868780137
1.3690379231702536,87.04133564084768,1265.5737226486206,1.4070914536714554
2.773205202165991,69.07968800961972,1261.58393535614,1.3604902639985084
1.542224209662527,45.57503655105829,196.4839368641377,1.2724771827459336
2.7035531890112905,22.66936488449573,1130.963517856598,0.7737658962607383
0.7071030225604773,113.9031026378274,485.5936771392823,0.2490839578211307
2.1110900486819446,89.48312501609325,226.8884696483612,1.0413257285952568
1.9042619693093,23.94795327484608,423.7148381233216,0.9091145530343056
1.2299134150147435,110.24556074738504,1524.7808319091796,1.475059063732624
1.1101621201727538,112.2941327124834,877.6653551101684,0.6150802582502365
0.5113788124639541,17.649071545898913,1317.239805984497,0.7687762841582299
1.0193766416050494,73.6029078438878,540.241298007965,0.9231416016817092
1.41521403118968,97.37310134917496,1529.1968719482422,0.7957357883453369
1.389356930507347,48.49310686290264,1506.6834697723389,0.5958786062896252
0.9616227797698228,20.520953530073164,939.513142967224,0.7911494299769402
2.7822611574083567,33.720691703259945,785.6877356529236,1.2182044222950936
2.750039009749889,49.98592095971107,926.877095413208,0.5561120390892029
3.1298091606702654,24.41202213317156,1703.468207168579,1.0766602456569672
1.891991719417274,15.439825655519964,955.433215522766,0.6934324219822884
0.8407821645261719,79.46765030026435,1780.562482070923,0.9138979718089104
2.4197577079292385,18.90821616649628,855.0065048217773,0.3103390347212553
2.1626902466174216,110.54949639588594,1272.3186527252196,0.2642672285437584
1.3772963403258474,66.5226107031107,827.9003191947937,1.255153042078018
2.705850053392351,72.9245148614049,774.8011295318604,0.4900498256087303
0.6618172767106444,46.79846136718989,843.9905457496643,1.0439071372151374
2.2542588215786963,19.08305013179779,814.9728287696838,0.3953392140567303
0.8244915549177676,99.3481324583292,240.33252918720245,0.7183422364294529
0.8542403394123539,103.17242687046527,1097.807423782349,0.4667025245726108
1.8436628435272724,87.72229430377483,1756.4060253143311,0.4554633840918541
2.9857838110998274,110.2850439608097,1686.2493270874024,1.0107298836112022
2.2133357517886907,52.621737188100816,1422.6754035949707,0.8703885272145271
2.3518313502892854,55.03093295991421,1386.7010444641114,1.2641897305846217
0.7893297764239833,97.70293262004851,1067.4270063400268,1.285164749622345
1.6311384345404805,50.36841781139374,1688.2685870170594,0.4954952485859394
2.8276571925263854,60.20921787321568,1023.2652617454528,0.5662302792072296
2.044667194969952,45.17721909284592,236.88821427822117,0.5220923401415348
0.385913872384117,115.73197788596153,1767.7073280334473,0.6890065841376781
2.496184266312048,46.66134751588106,1284.9928895950318,1.2347809225320816
3.1544726925902067,52.21189008951187,1469.998347377777,0.5128056280314922
3.273294975608587,14.907517489790916,1175.370339679718,1.0362613886594771
2.396947126183659,24.634544618427757,1710.7720024108887,0.4031773649156093
2.157282139454037,34.19273246228695,646.3718839645386,0.8766577526926994
1.5709642657078802,28.25887774378061,422.0008060455322,0.7100619800388813
2.5769734400324524,106.00163113176822,299.36718530654906,0.6793908856809139
0.6536738686263561,13.97976628690958,1263.221517944336,0.9581174582242966
0.8447914762655273,36.10171272456646,214.78411422967912,1.2808862820267677
3.215685539972037,25.833515276014804,508.957260131836,1.3113119348883628
3.097471481747925,54.44411528706551,253.0233743190765,0.2142582442611456
2.050827705254778,52.1096360117197,221.80498858690265,0.9403454080224036
0.3928999325493351,91.8420978590846,649.8111653327942,0.2126646280288696
2.0972532004583626,52.34201485663653,1783.1942472457886,0.8896663084626197
1.1587341526523232,83.66002564877272,567.6275504112243,1.358195462822914
1.4592990120407194,68.10517823398114,252.6339047908783,0.7261642962694168
2.7924850014038385,94.39822635054588,499.5155857086182,0.4569741711020469
2.753971918020397,109.33324590623378,315.4202774047852,0.7546665765345096
1.3455940971150997,103.04113330245018,298.9457513332367,0.4386768959462642
2.540545038273558,17.28073064237833,984.2110578536988,0.7393104881048203
1.3332960936706513,51.34962752312422,1051.7329231262206,0.3727869655936956
1.81,61.75,997.38,0.82
