1.0	21.361806477597167	-582.0838072297722	163.6136052980715	-158.14960674785223	-0.025391182246264948	0.35689431033094093	-162.98768558866922	229.51760478084387	-158.64996754303286	11.50323555872899	-0.6470816875994074	-1.3077035574414304	-0.022108768757686623	-2.8613056981934974	-0.1605799361552964	-0.019068157622289604	49.835155965337385	0.8625503857071923	0.2595565191762586	-20.79033842357081	4.594720753595649
-0.04141429766216683	1.0	-157.05068930744375	32.907539867057366	191.29162974584787	0.022807053563407537	-0.45204505464213085	62.73245117569325	146.19840881897323	426.71061811815315	-4.670969395859708	-0.7198605321295309	-4.1165461679628	0.15596696842058125	0.9327984664136189	0.0728786976157948	0.10401905538919218	-19.28790500932417	-1.3214178876609206	-0.8045251998985844	8.058087572367654	1.034825134803945
0.002545248107109348	0.03094495525954295	1.0	-0.2883583636824143	0.2599405398596406	3.963116984401483e-5	-0.0005253598418650502	0.2128174740043302	-0.13605751794505264	0.1948032241192766	-0.01514588599851027	0.0003387599058924196	-0.003190881358608086	0.00012066447084331561	0.00392936553697266	0.00021463335971779534	5.683510117696628e-5	-0.06512652631170093	-0.0017564637708619285	-0.0002720474345120093	0.027174489609261027	-0.004522540278021877
0.0004130961299616251	0.006527309203390532	-0.33485302662943606	1.0	0.10679290779138659	1.8849478734085064e-5	-0.00012853471917157228	0.11241916603055668	-0.06865956502940536	0.2765359354651244	-0.007994627427586344	0.0003144937820379641	0.004060926572362422	-7.989933706436156e-5	0.0023498227310745283	0.00011172647761983867	5.923900518588474e-6	-0.034390577194942644	-0.0008922535954164429	-0.0005310599010189634	0.014362419540170621	-0.0027748033715338355
0.0028793482010537907	0.05939363537080098	-2.4147661510796605	0.631167397028389	1.0	0.0001519487847967504	0.0017282923261620552	0.8399998089805346	-0.6953868445122857	0.46792802805977884	-0.05972564044302187	0.0017145331804489382	0.025668199962271362	0.00022480267657121943	0.015112333831517501	0.0008444623861045745	-0.00034293701893420514	-0.25701920331910133	-0.006383094936625844	-0.0005327447183494523	0.10726107674795675	-0.018976945750869827
10.72241880560703	109.13901621417034	-5561.251350565989	1405.1971003365097	5421.686285775547	1.0	22.063558645908966	6225.6014034038235	-4269.8743545099915	-6554.5496675592385	-440.80795326528465	20.299053321714972	171.90167121425696	0.8230059315737239	131.72858138310895	6.127051231211881	-4.385738637650145	-1904.0389833923641	-47.070245352410666	16.78516956161495	794.5194579968022	-161.71464473461165
0.0005134680707781522	0.009716078097122266	-0.2817492194282347	0.09142858397706474	-0.06126538292516193	-1.539796241419922e-5	1.0	-0.048635894506254995	-0.007628885991092381	-602.1217948935542	0.003478264212015305	2.2305669788648587e-5	0.0037087273667580647	0.0007281657267654702	-0.0022868169264228678	-8.285194233687541e-5	-0.154399458288631	0.014917252828451091	-0.001262956271045353	1.2759113212816877	-0.006175943181280499	-3.8933017806755936e-5
0.0032121514231746575	0.009919989336687467	-0.42679746634888915	0.1104213024422077	0.6514579209559037	0.00014866292786578386	0.0019475716976669257	1.0	-0.4711561065160851	-0.2923310366727543	-0.07065779068904363	0.003909406811326051	0.02921337783625942	4.26857062811932e-5	0.023791255775875673	0.000970724771911502	-0.0004890451106738677	-0.3057685749052577	-0.007922465663467628	0.0010321857587236717	0.1275876521028937	-0.027731112221862798
0.020059100614374586	0.14229335730766524	-4.580836095096012	1.2513095961994418	-0.6901983289733238	-0.00019869245005735322	-0.01027513931788347	-1.5078467004337404	1.0	6.618263015657161	0.10607046726127378	-0.007682770841751807	-0.027178116181412925	6.805541656609088e-5	-0.037138068505823955	-0.001440651606121253	0.001985353665591569	0.46085285618061433	0.010516836097942593	-0.014563314024141143	-0.19226468366279315	0.046934656812314735
-7.972986916979386e-7	-1.3946764327401021e-5	0.000433179864409804	-0.0001409524960152375	4.1606263731526975e-5	1.4856262667269181e-8	-0.0016608642059788028	1.301316896588347e-5	7.423303737144241e-5	1.0	-9.846161567181033e-7	-2.77091679665881e-7	-7.638869069089351e-6	-1.2176910689333253e-6	2.4316221783793555e-6	7.095339289754813e-8	0.000256448731969257	-4.052578378307628e-6	2.5608424670570715e-6	-0.0021190566001896985	1.6107829497697725e-6	1.8830838216600742e-6
-0.04464064902990855	-0.15242597814882208	6.537475009555286	-1.6812180551189262	-9.341421714549458	-0.0021109966936325732	-0.027973774791868397	-14.151338298680063	6.7545501244075465	4.196432060442007	1.0	-0.05490871773712066	-0.41345916373395913	-0.0006566787917736441	-0.33533667879718615	-0.013744841532440644	0.006963042359026738	4.3270803661942825	0.11202040904257247	-0.014763289224058429	-1.8055587460121763	0.3912944592817649
5.5143174374278905	-36.49688646976903	2003.4461649218008	-503.20465949000635	-1028.5750256878227	-0.09688031831568733	-2.248035079755909	-356.71734343954466	922.2723566413208	259.2879784668717	25.753156124793552	1.0	-5.19602136886468	-0.33866008937531106	0.9627797839972216	-0.39540757085646117	0.2986049681530326	109.33733502296688	1.5892111107478186	-0.8878142705832492	-45.637786998372775	3.3985326305632944
-0.8405295640217303	-9.879046618273389	223.44995567477903	-65.83412760180441	140.85782064234627	0.019185818438682715	0.18225651937078363	109.65606858884234	-174.48097814421476	-85.19920514308222	-7.768868109524056	0.3115288382893627	1.0	0.029967969831148192	1.5643194166518684	0.11025587738794645	-0.04584813316867948	-33.5421611726867	-0.5695233398835532	0.2408173277729734	13.994464097058515	-2.7498471416494454
395.71580742820635	12002.065086573652	-376897.90709764196	120621.70874531288	-1414.9929263222414	-0.8400997758923378	-2949.3390836768003	-14070.268101917807	48313.94926209123	1.8896219147765413e6	965.2924608218732	-157.1107156997307	999.877132210191	1.0	-233.11158136315188	-12.663108385457672	465.25689672605836	4290.726090736703	-35.39854517813951	-4006.7193963583236	-1787.7055054118189	692.3478752644276
-0.09046243835503102	-3.2419602473602263	94.81894658950212	-26.312948394525577	28.639346639543923	0.0063316843656702	0.1057262459903952	44.35008526521623	-35.67301983781167	-61.57928561444006	-3.1264023829161327	0.1982606362258117	0.8399047093747044	0.0010618441312424858	1.0	0.042909308514555475	-0.02659066638399892	-13.558073752023647	-0.3015001001577111	0.1482958660059327	5.656592236906642	-1.3044157593763173
-1.0668245079760006	-52.23380167133962	1300.3450000264716	-373.5171806438417	837.0342301992705	0.15661840987046052	1.2790271509726883	1021.7025659421485	-930.1188148829721	-395.51899583396994	-72.17400809640311	3.9384960165927914	20.125255870057057	0.09761027407908877	21.16600567141862	1.0	-0.4006523974596853	-312.4099382730233	-6.867308598004989	1.292344927345683	130.3475227372053	-28.315561933217314
-0.0014119717780265314	-0.04033338016516925	1.3216894455319128	-0.44430283593807673	0.08951083544165024	5.811814764573311e-5	-6.476456527265006	0.07736949156831155	0.43447615679019663	3899.5682143712893	-0.005692999846322182	-0.0008214905684087822	-0.026099168922299555	-0.004780702294576604	0.011463899957081932	0.00029757056131408575	1.0	-0.02392710534971647	0.00939285720730663	-8.263414522359941	0.009673256799790779	0.006218325020391497
-0.010414148206946673	-0.03165411224095009	1.3774559878331636	-0.3557103508828236	-2.136151305222335	-0.0004864326865801003	-0.006364335689707136	-3.27044366471895	1.550392440815459	0.9576853986991677	0.23108418926529664	-0.012775417863211232	-0.09537762393067892	-0.00014165133527675473	-0.07772531170441893	-0.0031750111475867334	0.0015983195374122963	1.0	0.025887181955284937	-0.003380383193568395	-0.417268577411874	0.0906676767702394
-1.8482551254767823	-38.94089721853557	1113.2806298276357	-309.4437479636136	56.809313336015336	-0.003925374024317571	1.350961015057097	-37.04209614881427	-233.3414258609904	-1184.142579117219	2.643758120625964	-0.10854872834179058	-6.76633127556447	0.022825053513752615	-2.5173549762978373	-0.03246696079396027	-0.21145966966257745	11.330807990013481	1.0	2.508068589698033	-4.735189347672546	0.8459885023281863
0.0007243818003629699	0.014005066947726184	-0.4026319004456538	0.12250527611192294	-0.08351744117351627	-1.7365867309924896e-5	0.7838173918805277	-0.07213175270769916	0.05269359470319268	-471.9228094704992	0.005124386958102571	-0.00012355058961876283	0.0029218608035320396	0.0005654037205972594	-0.0023272191712060907	-9.852925323688274e-5	-0.12101275559596711	0.02209064694287949	-0.0008418849137184416	1.0	-0.009178385943759207	0.000948551706440917
0.025066967834522495	0.07781462361976059	-3.3576034038027114	0.8663507189996537	5.116130996075534	0.001165718610505263	0.015123279036123927	7.837738204369913	-3.7038739352396637	-2.1997946464048117	-0.5538035465164534	0.0306126082055785	0.22885392658934117	0.0003387144748722783	0.18634349415024737	0.0076089069704571004	-0.003809897141109001	-2.396537159996596	-0.06207329956604399	0.007898677958795284	1.0	-0.21727299615903295
3.0885334100402084	28.981583829623037	-678.9906013489787	197.22682126535014	-236.8547974254494	-0.01794444636677653	-0.0690479940045736	-66.08464220003872	369.8150717490253	169.1902696036713	4.729575727840768	0.0754363632581461	4.005280011042368	-0.07316491664230054	1.3276080529093548	-0.07482179748515529	0.014269002013991814	20.24304889286355	-0.29768804082536837	-0.4276759109150809	-8.442511959606474	1.0
